1  8.25938	2.243034e+00	1.212153e-01	1.040627e+00	3.111512e+00	9.607969e-01	7.028450e-02	
2  4.21661	2.233872e+00	1.210490e-01	1.040551e+00	3.096652e+00	9.614619e-01	6.370273e-02	
5  1.51451	2.218925e+00	1.222740e-01	1.040951e+00	3.076098e+00	9.598324e-01	5.194171e-02	
19  1.98678	2.221784e+00	1.208667e-01	1.040990e+00	3.064060e+00	9.627647e-01	4.729464e-02	
4  1.74209	2.241643e+00	1.199443e-01	1.040919e+00	3.090311e+00	9.655488e-01	6.185113e-02	
7  1.43965	2.237072e+00	1.190701e-01	1.041178e+00	3.084629e+00	9.679382e-01	6.033254e-02	
9  1.6266	2.258753e+00	1.193798e-01	1.041060e+00	3.082390e+00	9.643613e-01	5.808207e-02	
6  1.63133	2.253337e+00	1.201764e-01	1.041252e+00	3.074770e+00	9.618198e-01	5.305530e-02	
2  1.86623	2.249817e+00	1.189798e-01	1.041253e+00	3.062325e+00	9.654197e-01	4.850405e-02	
9  1.69389	2.218213e+00	1.210881e-01	1.040749e+00	3.068383e+00	9.626566e-01	4.996505e-02	
6  1.73272	2.255082e+00	1.199004e-01	1.041162e+00	3.077732e+00	9.655385e-01	5.597680e-02	
12  2.34209	2.249495e+00	1.188798e-01	1.041155e+00	3.077893e+00	9.648672e-01	5.703876e-02	
6  3.83874	2.258180e+00	1.194355e-01	1.040921e+00	3.089320e+00	9.619883e-01	6.128783e-02	
1  6.3461	2.271742e+00	1.201819e-01	1.040730e+00	3.092471e+00	9.616770e-01	6.121534e-02	
11  5.86455	2.258215e+00	1.193717e-01	1.041050e+00	3.100801e+00	9.614350e-01	6.595118e-02	
2  5.05458	2.265770e+00	1.179600e-01	1.040968e+00	3.081912e+00	9.667828e-01	6.037066e-02	
5  2.94465	2.252120e+00	1.190281e-01	1.041001e+00	3.067421e+00	9.682286e-01	5.269387e-02	
5  2.87952	2.247938e+00	1.195688e-01	1.040525e+00	3.084848e+00	9.648847e-01	5.947005e-02	
6  3.7119	2.257210e+00	1.194469e-01	1.041194e+00	3.077729e+00	9.671034e-01	5.437030e-02	
17  2.18808	2.239247e+00	1.199474e-01	1.041010e+00	3.073256e+00	9.658923e-01	5.450903e-02	
7  2.29178	2.235374e+00	1.208238e-01	1.041106e+00	3.083179e+00	9.610865e-01	5.740545e-02	
3  2.4601	2.231128e+00	1.223797e-01	1.041059e+00	3.077308e+00	9.592719e-01	5.110720e-02	
4  5.63018	2.233749e+00	1.225496e-01	1.041118e+00	3.065719e+00	9.568762e-01	4.644032e-02	
9  2.17819	2.256628e+00	1.183105e-01	1.041077e+00	3.063992e+00	9.690493e-01	4.991205e-02	
23  2.10145	2.257660e+00	1.181606e-01	1.040836e+00	3.073335e+00	9.688745e-01	5.494973e-02	
8  1.35862	2.237407e+00	1.193082e-01	1.040728e+00	3.078508e+00	9.660125e-01	5.635527e-02	
3  3.88257	2.238907e+00	1.190823e-01	1.040338e+00	3.075222e+00	9.667592e-01	5.602960e-02	
7  2.44608	2.243775e+00	1.197853e-01	1.040626e+00	3.079403e+00	9.675461e-01	5.736813e-02	
48  2.19942	2.231692e+00	1.195513e-01	1.040871e+00	3.063688e+00	9.686613e-01	4.934613e-02	
1  1.66083	2.248526e+00	1.186899e-01	1.041016e+00	3.073645e+00	9.662852e-01	5.369569e-02	
16  2.79273	2.263978e+00	1.188651e-01	1.041365e+00	3.090144e+00	9.683928e-01	6.222597e-02	
8  1.47553	2.261368e+00	1.193604e-01	1.041399e+00	3.081221e+00	9.652129e-01	5.702333e-02	
8  2.17103	2.246148e+00	1.190019e-01	1.041274e+00	3.069760e+00	9.702520e-01	5.389592e-02	
# After 33 accepted steps: update proposal with max(R-1) = 1.018742 and jumping factor = 2.400000 
22  2.42188	2.253776e+00	1.198168e-01	1.041494e+00	3.079477e+00	9.687310e-01	5.593734e-02	
2  2.40587	2.223198e+00	1.208397e-01	1.041511e+00	3.071015e+00	9.659993e-01	5.115884e-02	
8  2.87225	2.229262e+00	1.190902e-01	1.041254e+00	3.074878e+00	9.720123e-01	5.614406e-02	
8  4.02194	2.248634e+00	1.173595e-01	1.041372e+00	3.073781e+00	9.759305e-01	5.738134e-02	
5  4.69094	2.222323e+00	1.185675e-01	1.041590e+00	3.067621e+00	9.716453e-01	5.288055e-02	
4  2.50879	2.236809e+00	1.190362e-01	1.040717e+00	3.063661e+00	9.692428e-01	5.042994e-02	
5  2.40961	2.248841e+00	1.188419e-01	1.041414e+00	3.061208e+00	9.702246e-01	4.852289e-02	
2  2.74382	2.253357e+00	1.189204e-01	1.041574e+00	3.063957e+00	9.660674e-01	4.858294e-02	
16  1.35318	2.229784e+00	1.212842e-01	1.041242e+00	3.070355e+00	9.645404e-01	5.019111e-02	
1  2.94145	2.246035e+00	1.190628e-01	1.041130e+00	3.082549e+00	9.699891e-01	5.830709e-02	
3  3.23269	2.242339e+00	1.196177e-01	1.041230e+00	3.076957e+00	9.707372e-01	5.531413e-02	
1  1.10513	2.233799e+00	1.196867e-01	1.041160e+00	3.070097e+00	9.677963e-01	5.178588e-02	
2  1.66444	2.262522e+00	1.177394e-01	1.041352e+00	3.074883e+00	9.706150e-01	5.613630e-02	
1  2.93804	2.233838e+00	1.194082e-01	1.041771e+00	3.077654e+00	9.666044e-01	5.566134e-02	
4  4.73513	2.224068e+00	1.199276e-01	1.041865e+00	3.075539e+00	9.656132e-01	5.425303e-02	
1  1.61523	2.260141e+00	1.190803e-01	1.041235e+00	3.080884e+00	9.675313e-01	5.709485e-02	
5  1.60806	2.239469e+00	1.195327e-01	1.040664e+00	3.074817e+00	9.673328e-01	5.468361e-02	
1  1.55601	2.228853e+00	1.210287e-01	1.040635e+00	3.082889e+00	9.632051e-01	5.714399e-02	
2  0.599195	2.252423e+00	1.198127e-01	1.041104e+00	3.079937e+00	9.647563e-01	5.600890e-02	
2  1.6841	2.221160e+00	1.201940e-01	1.040952e+00	3.065712e+00	9.649526e-01	4.975945e-02	
2  2.62537	2.219801e+00	1.205360e-01	1.040443e+00	3.072513e+00	9.643835e-01	5.272278e-02	
3  3.03187	2.213947e+00	1.207972e-01	1.040600e+00	3.068908e+00	9.608541e-01	4.982145e-02	
6  2.50219	2.220315e+00	1.210128e-01	1.040937e+00	3.065847e+00	9.604684e-01	4.833539e-02	
12  2.6237	2.231975e+00	1.218431e-01	1.041160e+00	3.066050e+00	9.593231e-01	4.685029e-02	
1  1.8555	2.249956e+00	1.197038e-01	1.041643e+00	3.070384e+00	9.673676e-01	5.155515e-02	
# After 58 accepted steps: update proposal with max(R-1) = 1.018742 and jumping factor = 2.400000 
4  2.30715	2.226846e+00	1.205206e-01	1.041421e+00	3.065485e+00	9.655111e-01	4.925178e-02	
2  4.46438	2.226687e+00	1.198112e-01	1.041656e+00	3.062796e+00	9.664892e-01	4.884908e-02	
1  4.22996	2.215391e+00	1.205292e-01	1.041391e+00	3.062400e+00	9.633735e-01	4.732846e-02	
3  4.74859	2.202303e+00	1.209006e-01	1.040900e+00	3.070246e+00	9.615239e-01	5.129248e-02	
2  4.35933	2.208679e+00	1.203524e-01	1.040743e+00	3.076392e+00	9.610475e-01	5.450241e-02	
2  4.136	2.204787e+00	1.226041e-01	1.040692e+00	3.072325e+00	9.569069e-01	4.983382e-02	
2  2.75118	2.224670e+00	1.223463e-01	1.040830e+00	3.077301e+00	9.574425e-01	5.255389e-02	
2  2.81995	2.230193e+00	1.223589e-01	1.041273e+00	3.069359e+00	9.591790e-01	4.788245e-02	
3  6.88317	2.210434e+00	1.236317e-01	1.040855e+00	3.060763e+00	9.601300e-01	4.330322e-02	
1  7.31596	2.222643e+00	1.234825e-01	1.041472e+00	3.063609e+00	9.598061e-01	4.423761e-02	
6  10.8747	2.199853e+00	1.234061e-01	1.041786e+00	3.068686e+00	9.626342e-01	4.799756e-02	
4  7.6178	2.205757e+00	1.226733e-01	1.041776e+00	3.081601e+00	9.634167e-01	5.457150e-02	
1  4.53719	2.214554e+00	1.219356e-01	1.041668e+00	3.077003e+00	9.623216e-01	5.226180e-02	
2  2.9047	2.226979e+00	1.217408e-01	1.041343e+00	3.079101e+00	9.659953e-01	5.442112e-02	
2  1.85851	2.229621e+00	1.191374e-01	1.041424e+00	3.076227e+00	9.688226e-01	5.622440e-02	
1  4.35237	2.217019e+00	1.198670e-01	1.040897e+00	3.074220e+00	9.708159e-01	5.566893e-02	
5  4.95274	2.210976e+00	1.208978e-01	1.040829e+00	3.076131e+00	9.689802e-01	5.553528e-02	
5  2.60874	2.222175e+00	1.196275e-01	1.041286e+00	3.071996e+00	9.700404e-01	5.382004e-02	
1  1.35101	2.231662e+00	1.198968e-01	1.040976e+00	3.066581e+00	9.678689e-01	5.036320e-02	
3  1.15907	2.252458e+00	1.188911e-01	1.041286e+00	3.084754e+00	9.678260e-01	5.971397e-02	
3  2.27441	2.247430e+00	1.185623e-01	1.040821e+00	3.079506e+00	9.662191e-01	5.696678e-02	
1  4.50551	2.254378e+00	1.180486e-01	1.041334e+00	3.086879e+00	9.639172e-01	6.064857e-02	
1  4.57416	2.212205e+00	1.198785e-01	1.040978e+00	3.074095e+00	9.621608e-01	5.269408e-02	
2  3.55795	2.228225e+00	1.202748e-01	1.041383e+00	3.087229e+00	9.610795e-01	5.828219e-02	
3  2.74467	2.227708e+00	1.204888e-01	1.041048e+00	3.077429e+00	9.595283e-01	5.305059e-02	
5  3.57634	2.241698e+00	1.191970e-01	1.041552e+00	3.068751e+00	9.628661e-01	5.110918e-02	
1  3.27875	2.243089e+00	1.180556e-01	1.041263e+00	3.072481e+00	9.648954e-01	5.439309e-02	
1  1.33149	2.231647e+00	1.194397e-01	1.040943e+00	3.076678e+00	9.635477e-01	5.522363e-02	
1  4.16605	2.227199e+00	1.199077e-01	1.040968e+00	3.063128e+00	9.601577e-01	4.737955e-02	
1  5.7438	2.227738e+00	1.199268e-01	1.041479e+00	3.074022e+00	9.593547e-01	5.175821e-02	
5  5.70543	2.227048e+00	1.198328e-01	1.041472e+00	3.076197e+00	9.596170e-01	5.300730e-02	
5  5.91894	2.227698e+00	1.197505e-01	1.041629e+00	3.068773e+00	9.608090e-01	4.999567e-02	
2  6.98933	2.240735e+00	1.193566e-01	1.041492e+00	3.060445e+00	9.604599e-01	4.558199e-02	
2  6.15888	2.249243e+00	1.201051e-01	1.041135e+00	3.066024e+00	9.590037e-01	4.670393e-02	
8  5.15753	2.259017e+00	1.195274e-01	1.040928e+00	3.079257e+00	9.609564e-01	5.404838e-02	
16  4.4613	2.231098e+00	1.219699e-01	1.040747e+00	3.074985e+00	9.563846e-01	4.958250e-02	
3  4.80058	2.236104e+00	1.201939e-01	1.040731e+00	3.080017e+00	9.590333e-01	5.402833e-02	
6  5.13346	2.231519e+00	1.195540e-01	1.040989e+00	3.070766e+00	9.623262e-01	5.026166e-02	
3  4.184	2.237025e+00	1.179865e-01	1.041489e+00	3.063427e+00	9.681774e-01	4.960858e-02	
1  1.56211	2.238921e+00	1.183839e-01	1.041045e+00	3.072969e+00	9.681258e-01	5.441476e-02	
2  1.38622	2.226790e+00	1.191605e-01	1.041064e+00	3.072979e+00	9.675393e-01	5.459038e-02	
1  0.80072	2.242967e+00	1.194311e-01	1.041300e+00	3.083251e+00	9.674256e-01	5.858928e-02	
3  2.85957	2.244800e+00	1.184253e-01	1.041359e+00	3.066583e+00	9.648825e-01	5.042192e-02	
1  3.01774	2.226377e+00	1.198871e-01	1.041281e+00	3.067187e+00	9.619051e-01	4.978571e-02	
5  1.28868	2.235127e+00	1.193794e-01	1.041079e+00	3.081714e+00	9.638695e-01	5.757114e-02	
2  1.45637	2.223532e+00	1.208856e-01	1.040857e+00	3.082841e+00	9.614535e-01	5.621488e-02	
4  1.47656	2.238123e+00	1.204741e-01	1.040881e+00	3.078137e+00	9.602346e-01	5.374163e-02	
3  2.04227	2.250093e+00	1.198158e-01	1.041122e+00	3.071902e+00	9.621644e-01	5.094327e-02	
1  1.5253	2.241295e+00	1.203991e-01	1.041210e+00	3.078251e+00	9.637060e-01	5.377370e-02	
1  0.71483	2.237256e+00	1.202193e-01	1.041211e+00	3.069249e+00	9.642682e-01	5.021446e-02	
2  2.29243	2.226069e+00	1.208586e-01	1.041481e+00	3.068773e+00	9.636196e-01	5.010852e-02	
3  2.97395	2.221168e+00	1.207516e-01	1.041081e+00	3.078553e+00	9.594762e-01	5.463288e-02	
3  2.95716	2.237428e+00	1.192836e-01	1.040859e+00	3.082426e+00	9.614803e-01	5.762823e-02	
2  6.15962	2.206856e+00	1.212062e-01	1.040127e+00	3.079008e+00	9.594346e-01	5.481451e-02	
6  7.92366	2.219540e+00	1.207118e-01	1.040056e+00	3.086957e+00	9.590729e-01	5.963367e-02	
1  11.5811	2.213845e+00	1.207975e-01	1.039879e+00	3.096095e+00	9.592056e-01	6.418562e-02	
2  13.0874	2.223941e+00	1.190619e-01	1.039900e+00	3.086747e+00	9.647279e-01	6.291209e-02	
2  10.1497	2.231494e+00	1.177035e-01	1.040327e+00	3.075812e+00	9.690794e-01	5.931715e-02	
2  10.2576	2.228816e+00	1.179918e-01	1.040692e+00	3.078530e+00	9.634089e-01	5.897031e-02	
7  9.76671	2.233954e+00	1.185636e-01	1.040431e+00	3.081738e+00	9.619031e-01	5.980171e-02	
1  10.4822	2.215691e+00	1.179456e-01	1.041196e+00	3.071733e+00	9.647257e-01	5.537290e-02	
1  10.2336	2.219871e+00	1.186015e-01	1.040911e+00	3.076793e+00	9.616998e-01	5.709145e-02	
1  10.7582	2.217026e+00	1.178534e-01	1.040763e+00	3.074993e+00	9.666709e-01	5.822791e-02	
1  9.35158	2.198274e+00	1.197553e-01	1.040805e+00	3.072241e+00	9.671530e-01	5.542513e-02	
1  2.82816	2.223132e+00	1.203324e-01	1.040832e+00	3.085739e+00	9.653567e-01	6.019697e-02	
1  2.19794	2.243525e+00	1.184810e-01	1.041141e+00	3.079497e+00	9.673464e-01	5.868770e-02	
1  1.45302	2.229546e+00	1.200170e-01	1.040721e+00	3.074691e+00	9.637892e-01	5.443407e-02	
4  1.16545	2.226807e+00	1.210911e-01	1.040749e+00	3.077945e+00	9.604934e-01	5.411115e-02	
7  3.17583	2.212908e+00	1.221770e-01	1.040478e+00	3.083104e+00	9.613142e-01	5.614460e-02	
5  2.62755	2.228452e+00	1.220933e-01	1.041338e+00	3.082284e+00	9.638220e-01	5.565056e-02	
1  3.19912	2.212516e+00	1.227807e-01	1.041274e+00	3.075209e+00	9.600695e-01	5.104138e-02	
2  1.15418	2.238013e+00	1.207117e-01	1.041339e+00	3.073648e+00	9.621726e-01	5.229407e-02	
2  2.77203	2.216719e+00	1.213637e-01	1.040860e+00	3.072419e+00	9.587490e-01	5.110379e-02	
1  2.11424	2.219698e+00	1.216806e-01	1.041005e+00	3.070796e+00	9.588218e-01	4.952321e-02	
1  1.70293	2.220671e+00	1.204383e-01	1.040911e+00	3.070444e+00	9.618724e-01	5.077946e-02	
18  1.41897	2.223354e+00	1.201003e-01	1.041077e+00	3.068501e+00	9.667149e-01	5.154087e-02	
1  3.51894	2.240396e+00	1.192622e-01	1.041737e+00	3.069303e+00	9.703050e-01	5.305679e-02	
13  5.81424	2.244992e+00	1.171484e-01	1.041951e+00	3.075728e+00	9.735008e-01	5.825977e-02	
3  3.59818	2.227191e+00	1.182443e-01	1.041411e+00	3.068981e+00	9.677818e-01	5.298344e-02	
1  1.1846	2.243361e+00	1.190062e-01	1.041522e+00	3.069284e+00	9.677527e-01	5.204934e-02	
2  3.00926	2.238686e+00	1.182689e-01	1.041593e+00	3.075241e+00	9.697080e-01	5.684731e-02	
2  3.70781	2.228427e+00	1.182667e-01	1.041321e+00	3.064743e+00	9.682984e-01	5.159753e-02	
1  5.02605	2.220909e+00	1.178958e-01	1.041005e+00	3.066766e+00	9.695500e-01	5.339023e-02	
2  2.8322	2.217625e+00	1.194483e-01	1.040800e+00	3.076964e+00	9.677586e-01	5.659699e-02	
1  2.56951	2.243334e+00	1.193009e-01	1.040745e+00	3.086413e+00	9.641961e-01	5.952210e-02	
3  2.63936	2.251526e+00	1.189940e-01	1.040953e+00	3.086599e+00	9.670068e-01	5.992965e-02	
1  4.3938	2.251354e+00	1.182363e-01	1.040478e+00	3.072845e+00	9.700460e-01	5.519311e-02	
1  3.6401	2.220490e+00	1.201027e-01	1.040661e+00	3.062636e+00	9.665266e-01	4.791015e-02	
3  4.97629	2.216400e+00	1.200377e-01	1.041250e+00	3.058107e+00	9.692626e-01	4.640634e-02	
1  4.15119	2.211077e+00	1.206158e-01	1.041093e+00	3.059819e+00	9.649088e-01	4.597951e-02	
6  5.00386	2.243952e+00	1.201600e-01	1.040898e+00	3.064721e+00	9.687137e-01	4.830414e-02	
1  7.39823	2.240780e+00	1.201637e-01	1.040772e+00	3.055671e+00	9.676827e-01	4.367309e-02	
1  5.93231	2.244343e+00	1.203849e-01	1.040525e+00	3.058680e+00	9.649905e-01	4.489589e-02	
1  4.51764	2.233453e+00	1.208830e-01	1.040687e+00	3.067548e+00	9.667400e-01	4.908526e-02	
2  4.887	2.245711e+00	1.202837e-01	1.040633e+00	3.067807e+00	9.654764e-01	4.905660e-02	
3  3.83218	2.238152e+00	1.203944e-01	1.041328e+00	3.073928e+00	9.659475e-01	5.152797e-02	
1  3.8868	2.218374e+00	1.207162e-01	1.041263e+00	3.072561e+00	9.638312e-01	5.070846e-02	
2  2.9426	2.231294e+00	1.204539e-01	1.041452e+00	3.066643e+00	9.634849e-01	4.806935e-02	
4  2.52845	2.233579e+00	1.193094e-01	1.041321e+00	3.066210e+00	9.669104e-01	4.950990e-02	
10  1.20645	2.238586e+00	1.198763e-01	1.041287e+00	3.081253e+00	9.661182e-01	5.644195e-02	
3  2.74245	2.253904e+00	1.186783e-01	1.041600e+00	3.083121e+00	9.700473e-01	5.878040e-02	
3  5.6422	2.266552e+00	1.184385e-01	1.042029e+00	3.089351e+00	9.698724e-01	6.196754e-02	
2  5.78107	2.270797e+00	1.195553e-01	1.041775e+00	3.082817e+00	9.625952e-01	5.597203e-02	
3  4.24868	2.244081e+00	1.220934e-01	1.041447e+00	3.079007e+00	9.583910e-01	5.153484e-02	
1  3.99022	2.257638e+00	1.213591e-01	1.041272e+00	3.074244e+00	9.593068e-01	5.014034e-02	
4  1.83735	2.237327e+00	1.214515e-01	1.040913e+00	3.073844e+00	9.583424e-01	5.052544e-02	
2  3.28945	2.229078e+00	1.220182e-01	1.041407e+00	3.082270e+00	9.576065e-01	5.429475e-02	
1  3.63176	2.209390e+00	1.218594e-01	1.041285e+00	3.086509e+00	9.608996e-01	5.754899e-02	
2  4.99692	2.233347e+00	1.218460e-01	1.041462e+00	3.096243e+00	9.595880e-01	6.214907e-02	
5  4.60947	2.254792e+00	1.210531e-01	1.041479e+00	3.097549e+00	9.628482e-01	6.330789e-02	
2  7.71457	2.256242e+00	1.210257e-01	1.041780e+00	3.101542e+00	9.645494e-01	6.588301e-02	
7  9.44935	2.260075e+00	1.208533e-01	1.041881e+00	3.102314e+00	9.671284e-01	6.574178e-02	
12  5.74234	2.237744e+00	1.223198e-01	1.041825e+00	3.087968e+00	9.618376e-01	5.720993e-02	
1  8.49511	2.228964e+00	1.220331e-01	1.041964e+00	3.087078e+00	9.627069e-01	5.831472e-02	
4  7.01185	2.230453e+00	1.223222e-01	1.041733e+00	3.086364e+00	9.605216e-01	5.746534e-02	
8  6.13651	2.231494e+00	1.220469e-01	1.041606e+00	3.087642e+00	9.596518e-01	5.822665e-02	
5  6.0995	2.257298e+00	1.196457e-01	1.040928e+00	3.081583e+00	9.627632e-01	5.855311e-02	
5  8.91272	2.251724e+00	1.209358e-01	1.040356e+00	3.087493e+00	9.595174e-01	6.001956e-02	
1  7.20597	2.233413e+00	1.206087e-01	1.040287e+00	3.084527e+00	9.586810e-01	5.866580e-02	
1  6.0062	2.217327e+00	1.207518e-01	1.040272e+00	3.070348e+00	9.593788e-01	5.159161e-02	
3  4.69076	2.212864e+00	1.210381e-01	1.040393e+00	3.063014e+00	9.634199e-01	4.817348e-02	
2  1.72491	2.220807e+00	1.210711e-01	1.040752e+00	3.066615e+00	9.619120e-01	4.865819e-02	
1  3.53136	2.224834e+00	1.225656e-01	1.040800e+00	3.079843e+00	9.614835e-01	5.273106e-02	
2  2.10611	2.233849e+00	1.199929e-01	1.040618e+00	3.076506e+00	9.666597e-01	5.482465e-02	
5  1.47964	2.258796e+00	1.193010e-01	1.041414e+00	3.074879e+00	9.675572e-01	5.389807e-02	
1  2.82812	2.257831e+00	1.194243e-01	1.041257e+00	3.076279e+00	9.694968e-01	5.468764e-02	
4  2.83034	2.252727e+00	1.197476e-01	1.041650e+00	3.080423e+00	9.674980e-01	5.587600e-02	
3  4.59719	2.272664e+00	1.175503e-01	1.041612e+00	3.082163e+00	9.721424e-01	5.923066e-02	
2  3.47078	2.246517e+00	1.187961e-01	1.041575e+00	3.066962e+00	9.714498e-01	5.096376e-02	
3  3.54203	2.223649e+00	1.200207e-01	1.041623e+00	3.073433e+00	9.689159e-01	5.328654e-02	
2  1.55985	2.229874e+00	1.191728e-01	1.041327e+00	3.076156e+00	9.683911e-01	5.544290e-02	
2  0.54436	2.233362e+00	1.194655e-01	1.041111e+00	3.072584e+00	9.677224e-01	5.381222e-02	
1  1.32961	2.234356e+00	1.190306e-01	1.040989e+00	3.077255e+00	9.679475e-01	5.711305e-02	
1  0.964913	2.237358e+00	1.196320e-01	1.041442e+00	3.079541e+00	9.661039e-01	5.669742e-02	
1  2.00338	2.237247e+00	1.194253e-01	1.041660e+00	3.079123e+00	9.663675e-01	5.642392e-02	
2  0.888713	2.234903e+00	1.189150e-01	1.041224e+00	3.074654e+00	9.678223e-01	5.498859e-02	
9  1.20746	2.241265e+00	1.200067e-01	1.041315e+00	3.086189e+00	9.663313e-01	5.914715e-02	
5  1.72046	2.253730e+00	1.191859e-01	1.041384e+00	3.084439e+00	9.694332e-01	5.974181e-02	
1  1.46103	2.258299e+00	1.193660e-01	1.041354e+00	3.083301e+00	9.671763e-01	5.884131e-02	
10  1.00231	2.244506e+00	1.202343e-01	1.040879e+00	3.083294e+00	9.650840e-01	5.807957e-02	
5  1.13196	2.247435e+00	1.197793e-01	1.041312e+00	3.084046e+00	9.633725e-01	5.775766e-02	
5  2.28409	2.249567e+00	1.190659e-01	1.041746e+00	3.072659e+00	9.686704e-01	5.412457e-02	
4  2.35765	2.242076e+00	1.199545e-01	1.041546e+00	3.062926e+00	9.653841e-01	4.768321e-02	
1  2.26169	2.236585e+00	1.194398e-01	1.041562e+00	3.063960e+00	9.683433e-01	4.941728e-02	
1  2.33796	2.216239e+00	1.197657e-01	1.040984e+00	3.069327e+00	9.652885e-01	5.197819e-02	
4  2.0305	2.235909e+00	1.186727e-01	1.041496e+00	3.069534e+00	9.675808e-01	5.294229e-02	
4  1.26384	2.221719e+00	1.207019e-01	1.040997e+00	3.082754e+00	9.648936e-01	5.747146e-02	
2  1.5114	2.227472e+00	1.204103e-01	1.041459e+00	3.072230e+00	9.650626e-01	5.236101e-02	
12  1.1114	2.227369e+00	1.214099e-01	1.041241e+00	3.078404e+00	9.618910e-01	5.413268e-02	
1  1.40129	2.222242e+00	1.213459e-01	1.040794e+00	3.069909e+00	9.635169e-01	5.059252e-02	
1  1.65119	2.243364e+00	1.214051e-01	1.041282e+00	3.077747e+00	9.641634e-01	5.343595e-02	
1  1.83796	2.228145e+00	1.216352e-01	1.040705e+00	3.077714e+00	9.585102e-01	5.325003e-02	
9  1.91557	2.224813e+00	1.218024e-01	1.040534e+00	3.079585e+00	9.609271e-01	5.445699e-02	
2  2.2449	2.230821e+00	1.221611e-01	1.040752e+00	3.087496e+00	9.609283e-01	5.758821e-02	
2  3.98128	2.243046e+00	1.215240e-01	1.040657e+00	3.085536e+00	9.637076e-01	5.699118e-02	
5  2.94667	2.258817e+00	1.193569e-01	1.040937e+00	3.080306e+00	9.696062e-01	5.747497e-02	
5  3.18129	2.266149e+00	1.191514e-01	1.040893e+00	3.078153e+00	9.687490e-01	5.635972e-02	
1  2.9143	2.235233e+00	1.184025e-01	1.040790e+00	3.079510e+00	9.701895e-01	5.922168e-02	
1  3.36718	2.238908e+00	1.184854e-01	1.040564e+00	3.077373e+00	9.687866e-01	5.799405e-02	
9  1.46914	2.235455e+00	1.196064e-01	1.040720e+00	3.071984e+00	9.659984e-01	5.265216e-02	
10  1.69974	2.263475e+00	1.183723e-01	1.041377e+00	3.071789e+00	9.669417e-01	5.317693e-02	
5  0.800691	2.236733e+00	1.197657e-01	1.041337e+00	3.070523e+00	9.655916e-01	5.144970e-02	
1  1.81071	2.238324e+00	1.204956e-01	1.041546e+00	3.076017e+00	9.658734e-01	5.323136e-02	
5  2.00302	2.239508e+00	1.206947e-01	1.040721e+00	3.082243e+00	9.651074e-01	5.767563e-02	
1  1.34767	2.236792e+00	1.194520e-01	1.040696e+00	3.071548e+00	9.644325e-01	5.311073e-02	
4  1.28956	2.247194e+00	1.192270e-01	1.040829e+00	3.080646e+00	9.652339e-01	5.785001e-02	
7  1.92574	2.233787e+00	1.193066e-01	1.040771e+00	3.080590e+00	9.664376e-01	5.844870e-02	
13  2.2822	2.259317e+00	1.181414e-01	1.041222e+00	3.080428e+00	9.717551e-01	5.954794e-02	
3  1.1323	2.253324e+00	1.185831e-01	1.041097e+00	3.070170e+00	9.696056e-01	5.313778e-02	
4  3.68535	2.271025e+00	1.177511e-01	1.041098e+00	3.077509e+00	9.720369e-01	5.744338e-02	
6  2.17041	2.255425e+00	1.180710e-01	1.041284e+00	3.070838e+00	9.726875e-01	5.436826e-02	
8  3.0347	2.270964e+00	1.170083e-01	1.041360e+00	3.078472e+00	9.704641e-01	5.836005e-02	
5  3.77726	2.260798e+00	1.170457e-01	1.041641e+00	3.065906e+00	9.703750e-01	5.289243e-02	
5  1.63188	2.246388e+00	1.177509e-01	1.041176e+00	3.070637e+00	9.702199e-01	5.489123e-02	
5  1.46571	2.245546e+00	1.181889e-01	1.041298e+00	3.068124e+00	9.693925e-01	5.320305e-02	
1  1.42721	2.260190e+00	1.184160e-01	1.041427e+00	3.069882e+00	9.697252e-01	5.340399e-02	
2  1.08465	2.242461e+00	1.212507e-01	1.041069e+00	3.071367e+00	9.615213e-01	5.016242e-02	
20  0.804403	2.247478e+00	1.196986e-01	1.041255e+00	3.080781e+00	9.647649e-01	5.720575e-02	
1  1.92412	2.233881e+00	1.208324e-01	1.040889e+00	3.088341e+00	9.641744e-01	6.036266e-02	
10  1.11656	2.237095e+00	1.200714e-01	1.040886e+00	3.079033e+00	9.654188e-01	5.676770e-02	
5  2.35476	2.255733e+00	1.196030e-01	1.040783e+00	3.079911e+00	9.677695e-01	5.729850e-02	
1  2.46332	2.245356e+00	1.189027e-01	1.040830e+00	3.077868e+00	9.708047e-01	5.731208e-02	
6  3.54636	2.230442e+00	1.193921e-01	1.040910e+00	3.081427e+00	9.697248e-01	5.786153e-02	
1  3.18286	2.221627e+00	1.195045e-01	1.041485e+00	3.079834e+00	9.686933e-01	5.709549e-02	
10  3.06086	2.230937e+00	1.198790e-01	1.041346e+00	3.087358e+00	9.636067e-01	5.889603e-02	
6  2.33461	2.227895e+00	1.197883e-01	1.040785e+00	3.082186e+00	9.620273e-01	5.711034e-02	
1  1.14684	2.249908e+00	1.186118e-01	1.041174e+00	3.072458e+00	9.657860e-01	5.335825e-02	
5  2.00823	2.245099e+00	1.190218e-01	1.041101e+00	3.089948e+00	9.661211e-01	6.186023e-02	
7  0.848411	2.246937e+00	1.186611e-01	1.041336e+00	3.078023e+00	9.674381e-01	5.701221e-02	
3  1.22488	2.235870e+00	1.189066e-01	1.041281e+00	3.078225e+00	9.693189e-01	5.701545e-02	
9  3.66905	2.229683e+00	1.178380e-01	1.041173e+00	3.067782e+00	9.679936e-01	5.275393e-02	
17  2.3333	2.222433e+00	1.191660e-01	1.040988e+00	3.069697e+00	9.658771e-01	5.286179e-02	
1  2.44294	2.246616e+00	1.184020e-01	1.041066e+00	3.082991e+00	9.666559e-01	6.022995e-02	
7  2.79182	2.242769e+00	1.183187e-01	1.041382e+00	3.088387e+00	9.703326e-01	6.308200e-02	
1  2.81509	2.226585e+00	1.206598e-01	1.041562e+00	3.082405e+00	9.654256e-01	5.752667e-02	
2  3.28963	2.223996e+00	1.214189e-01	1.041291e+00	3.083043e+00	9.587404e-01	5.601901e-02	
6  2.05394	2.228017e+00	1.220190e-01	1.041233e+00	3.085160e+00	9.606132e-01	5.676199e-02	
5  0.593401	2.240678e+00	1.209924e-01	1.041132e+00	3.079589e+00	9.619910e-01	5.435498e-02	
3  1.14723	2.235002e+00	1.203547e-01	1.041120e+00	3.087563e+00	9.628444e-01	5.928111e-02	
4  2.03722	2.234274e+00	1.206097e-01	1.041411e+00	3.078842e+00	9.632369e-01	5.381322e-02	
5  1.0614	2.239807e+00	1.199912e-01	1.041210e+00	3.081438e+00	9.621770e-01	5.621525e-02	
4  1.83111	2.230927e+00	1.199787e-01	1.041109e+00	3.084003e+00	9.618424e-01	5.762905e-02	
2  1.68679	2.220156e+00	1.201558e-01	1.040810e+00	3.080163e+00	9.642442e-01	5.637959e-02	
3  3.67463	2.240903e+00	1.205679e-01	1.040353e+00	3.084290e+00	9.632130e-01	5.771870e-02	
10  3.37424	2.260135e+00	1.204786e-01	1.040880e+00	3.085261e+00	9.653325e-01	5.808156e-02	
1  2.02653	2.252074e+00	1.208192e-01	1.040960e+00	3.074515e+00	9.654402e-01	5.293036e-02	
2  1.2173	2.249621e+00	1.207622e-01	1.041208e+00	3.080188e+00	9.634668e-01	5.476105e-02	
3  0.95566	2.237986e+00	1.209365e-01	1.040953e+00	3.071173e+00	9.612957e-01	5.014049e-02	
1  2.43155	2.235482e+00	1.206878e-01	1.040509e+00	3.069411e+00	9.614015e-01	4.974526e-02	
1  2.30707	2.254179e+00	1.201252e-01	1.040807e+00	3.073480e+00	9.635836e-01	5.190669e-02	
5  3.46053	2.262830e+00	1.205644e-01	1.040854e+00	3.074933e+00	9.629428e-01	5.214165e-02	
8  5.19286	2.264919e+00	1.200168e-01	1.041352e+00	3.064801e+00	9.608322e-01	4.688552e-02	
1  4.21579	2.276012e+00	1.184322e-01	1.041307e+00	3.067759e+00	9.646722e-01	5.058791e-02	
7  4.00884	2.277477e+00	1.179272e-01	1.041550e+00	3.073211e+00	9.689849e-01	5.392579e-02	
2  5.61132	2.268054e+00	1.190178e-01	1.041694e+00	3.078477e+00	9.714460e-01	5.590739e-02	
3  5.08847	2.247970e+00	1.203562e-01	1.041747e+00	3.084588e+00	9.688018e-01	5.761934e-02	
6  2.88186	2.233954e+00	1.206330e-01	1.041251e+00	3.088938e+00	9.664983e-01	5.966893e-02	
1  6.32303	2.222693e+00	1.190650e-01	1.041733e+00	3.091148e+00	9.693064e-01	6.312903e-02	
3  6.35879	2.253193e+00	1.174603e-01	1.041927e+00	3.092076e+00	9.714843e-01	6.459125e-02	
3  6.75103	2.262458e+00	1.165129e-01	1.041088e+00	3.094966e+00	9.705703e-01	6.722006e-02	
4  6.26784	2.267425e+00	1.170489e-01	1.041101e+00	3.093311e+00	9.718624e-01	6.560504e-02	
4  5.56886	2.274134e+00	1.169076e-01	1.041218e+00	3.088693e+00	9.683884e-01	6.286077e-02	
4  4.93004	2.276807e+00	1.166830e-01	1.041516e+00	3.086964e+00	9.726420e-01	6.299803e-02	
1  3.90291	2.265853e+00	1.166446e-01	1.041300e+00	3.083832e+00	9.712601e-01	6.161900e-02	
1  3.60004	2.259882e+00	1.177074e-01	1.041699e+00	3.079770e+00	9.672206e-01	5.814641e-02	
2  3.43398	2.235345e+00	1.183598e-01	1.041736e+00	3.077452e+00	9.706893e-01	5.728938e-02	
1  3.77657	2.240323e+00	1.184063e-01	1.041787e+00	3.064333e+00	9.687993e-01	5.010513e-02	
2  4.41743	2.227939e+00	1.178667e-01	1.041501e+00	3.066296e+00	9.708953e-01	5.293112e-02	
1  4.05345	2.216600e+00	1.189917e-01	1.040791e+00	3.068171e+00	9.660580e-01	5.262650e-02	
8  4.76522	2.209974e+00	1.199084e-01	1.040656e+00	3.060415e+00	9.657560e-01	4.750346e-02	
2  4.24932	2.204245e+00	1.203610e-01	1.040651e+00	3.073975e+00	9.631709e-01	5.338164e-02	
8  3.95706	2.209782e+00	1.200044e-01	1.040883e+00	3.078453e+00	9.625381e-01	5.557660e-02	
1  1.70768	2.225492e+00	1.198896e-01	1.040684e+00	3.074879e+00	9.651917e-01	5.396359e-02	
2  1.70047	2.252270e+00	1.181419e-01	1.041200e+00	3.071299e+00	9.718843e-01	5.452217e-02	
2  2.35114	2.251655e+00	1.175158e-01	1.041390e+00	3.072873e+00	9.723569e-01	5.556661e-02	
4  2.54148	2.255952e+00	1.176806e-01	1.041056e+00	3.074271e+00	9.694148e-01	5.538622e-02	
5  2.50806	2.247309e+00	1.178181e-01	1.040863e+00	3.071634e+00	9.699790e-01	5.458017e-02	
3  4.34174	2.241902e+00	1.177655e-01	1.040955e+00	3.057723e+00	9.711146e-01	4.791344e-02	
3  4.37559	2.223517e+00	1.181072e-01	1.041224e+00	3.061709e+00	9.707038e-01	5.004383e-02	
1  2.06	2.221592e+00	1.199097e-01	1.041346e+00	3.070052e+00	9.661557e-01	5.144433e-02	
4  1.48193	2.231574e+00	1.199848e-01	1.041317e+00	3.077556e+00	9.649767e-01	5.431776e-02	
1  1.94753	2.254864e+00	1.198990e-01	1.041481e+00	3.079877e+00	9.664362e-01	5.548180e-02	
4  2.31484	2.253583e+00	1.206993e-01	1.041331e+00	3.083237e+00	9.606665e-01	5.568731e-02	
5  1.96514	2.244098e+00	1.196081e-01	1.040889e+00	3.090872e+00	9.656700e-01	6.216538e-02	
5  2.43644	2.250401e+00	1.186037e-01	1.041677e+00	3.075643e+00	9.704945e-01	5.536278e-02	
1  2.2212	2.257083e+00	1.202359e-01	1.041072e+00	3.079556e+00	9.669892e-01	5.575033e-02	
1  5.68255	2.274505e+00	1.188234e-01	1.041745e+00	3.086806e+00	9.712680e-01	6.061396e-02	
5  5.29997	2.281513e+00	1.193943e-01	1.041541e+00	3.082113e+00	9.666975e-01	5.684712e-02	
2  0.872229	2.235063e+00	1.208881e-01	1.040886e+00	3.081594e+00	9.606681e-01	5.566136e-02	
4  3.17814	2.229948e+00	1.223941e-01	1.040729e+00	3.087302e+00	9.564976e-01	5.685432e-02	
3  5.09715	2.227579e+00	1.229289e-01	1.040268e+00	3.080899e+00	9.550633e-01	5.308898e-02	
1  4.25762	2.230295e+00	1.210051e-01	1.040162e+00	3.075946e+00	9.623628e-01	5.342252e-02	
1  3.0327	2.228029e+00	1.222752e-01	1.040543e+00	3.081120e+00	9.622207e-01	5.492724e-02	
6  2.76585	2.236018e+00	1.217952e-01	1.040939e+00	3.088191e+00	9.641651e-01	5.875940e-02	
4  3.83748	2.241233e+00	1.223487e-01	1.040870e+00	3.086100e+00	9.607685e-01	5.737612e-02	
2  5.00341	2.226230e+00	1.212002e-01	1.040392e+00	3.073889e+00	9.643532e-01	5.401647e-02	
3  1.48996	2.238965e+00	1.205500e-01	1.041008e+00	3.073539e+00	9.649800e-01	5.365742e-02	
4  2.47897	2.230352e+00	1.199742e-01	1.041053e+00	3.071280e+00	9.650616e-01	5.344757e-02	
1  4.52531	2.251093e+00	1.180133e-01	1.041034e+00	3.072903e+00	9.703738e-01	5.704986e-02	
8  4.94337	2.264050e+00	1.175963e-01	1.040945e+00	3.069362e+00	9.716189e-01	5.553579e-02	
4  5.88123	2.258276e+00	1.164723e-01	1.041078e+00	3.065810e+00	9.736319e-01	5.515147e-02	
3  6.07163	2.256597e+00	1.163455e-01	1.040962e+00	3.057519e+00	9.742486e-01	5.085737e-02	
1  4.91831	2.269765e+00	1.168910e-01	1.041105e+00	3.059735e+00	9.709052e-01	5.054714e-02	
3  4.95051	2.268653e+00	1.175376e-01	1.040917e+00	3.059945e+00	9.676831e-01	4.942523e-02	
2  4.54918	2.258650e+00	1.180118e-01	1.040483e+00	3.071506e+00	9.683556e-01	5.518722e-02	
1  4.67922	2.278839e+00	1.174744e-01	1.041317e+00	3.085393e+00	9.679627e-01	6.158887e-02	
13  1.28027	2.242732e+00	1.185441e-01	1.041223e+00	3.081003e+00	9.697735e-01	5.908976e-02	
3  1.39976	2.232514e+00	1.202290e-01	1.040626e+00	3.075948e+00	9.626589e-01	5.371800e-02	
1  2.93752	2.230845e+00	1.196298e-01	1.040535e+00	3.083502e+00	9.635417e-01	5.822984e-02	
1  2.14023	2.244454e+00	1.189130e-01	1.040966e+00	3.090148e+00	9.670908e-01	6.283394e-02	
1  2.43667	2.260564e+00	1.190241e-01	1.040831e+00	3.079425e+00	9.640525e-01	5.698059e-02	
2  2.72132	2.242542e+00	1.191967e-01	1.041204e+00	3.076142e+00	9.673251e-01	5.681246e-02	
6  3.95932	2.235787e+00	1.189058e-01	1.040907e+00	3.074268e+00	9.651642e-01	5.603407e-02	
3  2.17143	2.224279e+00	1.198402e-01	1.040936e+00	3.065490e+00	9.683077e-01	5.069127e-02	
14  1.51168	2.229288e+00	1.202729e-01	1.041024e+00	3.072618e+00	9.683167e-01	5.354461e-02	
2  1.53012	2.222735e+00	1.207386e-01	1.040997e+00	3.076103e+00	9.669079e-01	5.441292e-02	
1  2.97181	2.225436e+00	1.210501e-01	1.040463e+00	3.079684e+00	9.651881e-01	5.591139e-02	
5  1.71183	2.228280e+00	1.208110e-01	1.040877e+00	3.079581e+00	9.667919e-01	5.595258e-02	
1  1.66912	2.231543e+00	1.208289e-01	1.040532e+00	3.079849e+00	9.618232e-01	5.523438e-02	
4  2.09138	2.223509e+00	1.202635e-01	1.040812e+00	3.073959e+00	9.608979e-01	5.292134e-02	
2  1.72018	2.231865e+00	1.194640e-01	1.040776e+00	3.076949e+00	9.638106e-01	5.489556e-02	
2  0.390873	2.245699e+00	1.198608e-01	1.041053e+00	3.074498e+00	9.650083e-01	5.323441e-02	
1  1.2528	2.236308e+00	1.195073e-01	1.041039e+00	3.068705e+00	9.666808e-01	5.088623e-02	
2  2.11544	2.225165e+00	1.197882e-01	1.040806e+00	3.063537e+00	9.663353e-01	4.877778e-02	
16  0.887509	2.245426e+00	1.183638e-01	1.041215e+00	3.073945e+00	9.684647e-01	5.501705e-02	
2  4.09822	2.274775e+00	1.173399e-01	1.041693e+00	3.076790e+00	9.682582e-01	5.653686e-02	
4  6.37135	2.287526e+00	1.183405e-01	1.041700e+00	3.084733e+00	9.660815e-01	5.940138e-02	
1  4.69454	2.270471e+00	1.191991e-01	1.041706e+00	3.081874e+00	9.631113e-01	5.697388e-02	
2  4.10902	2.263988e+00	1.208031e-01	1.041571e+00	3.086434e+00	9.626625e-01	5.781138e-02	
7  4.12404	2.242653e+00	1.227680e-01	1.041350e+00	3.086975e+00	9.586579e-01	5.563157e-02	
3  5.91639	2.249875e+00	1.227997e-01	1.041125e+00	3.092796e+00	9.601664e-01	5.864151e-02	
2  3.18866	2.244960e+00	1.222999e-01	1.041117e+00	3.084708e+00	9.617275e-01	5.568314e-02	
1  3.21231	2.223634e+00	1.208558e-01	1.041425e+00	3.084323e+00	9.673199e-01	5.772326e-02	
2  2.38557	2.216714e+00	1.209332e-01	1.041307e+00	3.076502e+00	9.662014e-01	5.388642e-02	
1  2.27908	2.211685e+00	1.211236e-01	1.041125e+00	3.079698e+00	9.647905e-01	5.557049e-02	
3  2.38852	2.211768e+00	1.202493e-01	1.040974e+00	3.074246e+00	9.659656e-01	5.398070e-02	
1  2.38239	2.218811e+00	1.216832e-01	1.041177e+00	3.073337e+00	9.632630e-01	5.069835e-02	
2  1.4993	2.220403e+00	1.211976e-01	1.041290e+00	3.074539e+00	9.632319e-01	5.207356e-02	
1  2.79182	2.212125e+00	1.229779e-01	1.040909e+00	3.079982e+00	9.577454e-01	5.234849e-02	
1  3.69532	2.231602e+00	1.205575e-01	1.041427e+00	3.069887e+00	9.593615e-01	4.942661e-02	
5  3.69194	2.238658e+00	1.207837e-01	1.041332e+00	3.068632e+00	9.583873e-01	4.836747e-02	
1  5.50816	2.239609e+00	1.208517e-01	1.041555e+00	3.068606e+00	9.578307e-01	4.840889e-02	
1  4.01691	2.244541e+00	1.210031e-01	1.041083e+00	3.064036e+00	9.588412e-01	4.688319e-02	
1  2.18204	2.243657e+00	1.192059e-01	1.041274e+00	3.064022e+00	9.688419e-01	5.058225e-02	
3  3.26572	2.234882e+00	1.189665e-01	1.041677e+00	3.073529e+00	9.687445e-01	5.527675e-02	
3  2.29027	2.222325e+00	1.200186e-01	1.041189e+00	3.065934e+00	9.648102e-01	5.013478e-02	
4  2.23007	2.242705e+00	1.194813e-01	1.041377e+00	3.069014e+00	9.627995e-01	5.112093e-02	
5  1.22179	2.252475e+00	1.187106e-01	1.041350e+00	3.069268e+00	9.674406e-01	5.284656e-02	
3  0.449263	2.245641e+00	1.190430e-01	1.041202e+00	3.068780e+00	9.672203e-01	5.195913e-02	
1  2.02899	2.248499e+00	1.182289e-01	1.041632e+00	3.072993e+00	9.701280e-01	5.455070e-02	
3  2.41271	2.248253e+00	1.183360e-01	1.041696e+00	3.071998e+00	9.713864e-01	5.430971e-02	
8  2.00463	2.262661e+00	1.182754e-01	1.041122e+00	3.068888e+00	9.691743e-01	5.226105e-02	
11  1.76	2.261167e+00	1.186446e-01	1.041236e+00	3.068801e+00	9.655179e-01	5.136600e-02	
7  2.27339	2.250359e+00	1.192837e-01	1.041302e+00	3.066339e+00	9.640714e-01	4.901735e-02	
3  1.77955	2.250632e+00	1.190721e-01	1.041124e+00	3.071461e+00	9.641835e-01	5.181780e-02	
5  2.7501	2.241690e+00	1.202397e-01	1.041221e+00	3.075270e+00	9.630205e-01	5.194411e-02	
6  2.43284	2.246331e+00	1.193941e-01	1.041431e+00	3.088118e+00	9.661247e-01	5.996989e-02	
3  2.9345	2.255964e+00	1.184938e-01	1.041689e+00	3.082238e+00	9.659534e-01	5.848263e-02	
5  3.75175	2.250990e+00	1.182767e-01	1.041704e+00	3.086196e+00	9.663285e-01	6.042843e-02	
3  4.48722	2.252964e+00	1.181090e-01	1.041205e+00	3.091473e+00	9.648043e-01	6.285040e-02	
1  2.09576	2.252784e+00	1.190994e-01	1.040955e+00	3.079999e+00	9.642769e-01	5.604811e-02	
2  1.10824	2.239628e+00	1.203046e-01	1.041073e+00	3.074716e+00	9.617786e-01	5.217891e-02	
5  3.24944	2.247005e+00	1.201818e-01	1.041800e+00	3.073198e+00	9.637349e-01	5.151671e-02	
2  3.49243	2.239919e+00	1.209935e-01	1.041392e+00	3.064105e+00	9.635131e-01	4.626079e-02	
1  4.40299	2.259889e+00	1.200658e-01	1.041046e+00	3.065742e+00	9.635797e-01	4.752760e-02	
4  3.30205	2.250180e+00	1.183048e-01	1.041125e+00	3.058010e+00	9.698137e-01	4.712701e-02	
1  3.12758	2.252327e+00	1.172927e-01	1.041330e+00	3.068126e+00	9.725272e-01	5.322070e-02	
3  3.80208	2.252218e+00	1.167404e-01	1.041307e+00	3.063932e+00	9.707749e-01	5.169113e-02	
1  5.08478	2.258258e+00	1.161259e-01	1.041472e+00	3.065417e+00	9.710733e-01	5.299428e-02	
8  9.46869	2.256984e+00	1.161671e-01	1.042065e+00	3.053128e+00	9.748005e-01	4.720738e-02	
2  8.98592	2.276303e+00	1.176808e-01	1.041686e+00	3.051491e+00	9.690649e-01	4.342372e-02	
7  8.18329	2.275114e+00	1.163812e-01	1.042137e+00	3.059980e+00	9.723784e-01	4.969129e-02	
6  9.85497	2.284624e+00	1.155150e-01	1.042111e+00	3.062341e+00	9.779628e-01	5.200393e-02	
1  6.60964	2.266338e+00	1.155206e-01	1.041438e+00	3.066951e+00	9.784351e-01	5.533449e-02	
5  4.23627	2.234930e+00	1.184457e-01	1.041562e+00	3.067706e+00	9.722353e-01	5.195306e-02	
1  5.77637	2.248026e+00	1.193061e-01	1.041607e+00	3.068825e+00	9.725366e-01	5.134208e-02	
2  5.11836	2.249452e+00	1.197517e-01	1.041770e+00	3.072402e+00	9.717158e-01	5.298176e-02	
15  4.94071	2.247461e+00	1.192602e-01	1.040820e+00	3.070297e+00	9.729322e-01	5.409099e-02	
1  4.62333	2.248329e+00	1.193924e-01	1.040720e+00	3.058919e+00	9.671234e-01	4.809744e-02	
2  4.09092	2.235722e+00	1.197516e-01	1.041026e+00	3.068161e+00	9.673289e-01	5.287210e-02	
1  3.58839	2.248837e+00	1.204841e-01	1.040900e+00	3.076871e+00	9.620532e-01	5.512336e-02	
19  0.756221	2.224372e+00	1.215049e-01	1.040942e+00	3.075691e+00	9.626715e-01	5.284492e-02	
13  1.05656	2.231729e+00	1.209661e-01	1.041135e+00	3.078995e+00	9.637087e-01	5.550378e-02	
17  1.47434	2.257086e+00	1.193731e-01	1.041203e+00	3.083932e+00	9.663148e-01	5.926466e-02	
6  1.00367	2.230305e+00	1.201979e-01	1.041216e+00	3.082532e+00	9.639414e-01	5.756923e-02	
4  0.967467	2.245899e+00	1.202636e-01	1.041236e+00	3.084186e+00	9.641908e-01	5.824675e-02	
3  1.31491	2.243064e+00	1.205287e-01	1.041371e+00	3.084299e+00	9.630741e-01	5.776631e-02	
1  0.872932	2.249229e+00	1.202880e-01	1.041134e+00	3.082923e+00	9.629083e-01	5.666497e-02	
1  2.7998	2.225805e+00	1.212101e-01	1.041015e+00	3.067037e+00	9.585057e-01	4.772506e-02	
2  2.71212	2.238874e+00	1.217140e-01	1.041158e+00	3.064594e+00	9.611237e-01	4.631542e-02	
3  0.919983	2.224431e+00	1.212142e-01	1.040971e+00	3.069459e+00	9.628652e-01	5.002043e-02	
1  1.46568	2.223990e+00	1.204268e-01	1.040961e+00	3.066964e+00	9.635627e-01	5.002037e-02	
3  4.2245	2.233643e+00	1.205533e-01	1.041807e+00	3.064997e+00	9.653177e-01	4.842762e-02	
2  5.61545	2.254279e+00	1.206431e-01	1.041902e+00	3.067175e+00	9.641444e-01	4.909143e-02	
1  5.5878	2.269851e+00	1.192090e-01	1.041974e+00	3.066959e+00	9.681848e-01	5.049579e-02	
3  4.01106	2.267250e+00	1.188754e-01	1.041109e+00	3.060068e+00	9.668399e-01	4.807563e-02	
2  4.22086	2.220385e+00	1.225471e-01	1.041124e+00	3.063187e+00	9.602566e-01	4.568139e-02	
3  3.3743	2.233435e+00	1.217739e-01	1.040956e+00	3.064908e+00	9.636540e-01	4.801731e-02	
4  2.12513	2.237030e+00	1.214470e-01	1.041267e+00	3.067482e+00	9.644989e-01	4.873334e-02	
5  4.30151	2.249630e+00	1.201385e-01	1.041432e+00	3.062205e+00	9.697066e-01	4.851247e-02	
2  4.02964	2.249132e+00	1.182599e-01	1.041758e+00	3.076003e+00	9.736724e-01	5.758426e-02	
9  2.19219	2.236294e+00	1.185717e-01	1.041577e+00	3.074478e+00	9.698987e-01	5.581410e-02	
4  0.526609	2.239209e+00	1.198518e-01	1.040936e+00	3.080074e+00	9.655126e-01	5.705022e-02	
7  0.747194	2.246145e+00	1.193580e-01	1.041103e+00	3.077021e+00	9.684758e-01	5.636632e-02	
6  2.20179	2.229149e+00	1.196439e-01	1.041588e+00	3.076027e+00	9.663481e-01	5.507515e-02	
11  1.68535	2.227225e+00	1.194117e-01	1.041283e+00	3.081853e+00	9.671104e-01	5.837797e-02	
2  1.3295	2.238826e+00	1.185339e-01	1.040923e+00	3.076227e+00	9.678011e-01	5.669164e-02	
9  0.923865	2.228221e+00	1.199921e-01	1.041112e+00	3.073117e+00	9.632204e-01	5.279522e-02	
12  1.11784	2.222953e+00	1.203480e-01	1.041265e+00	3.072736e+00	9.650007e-01	5.254685e-02	
1  1.24835	2.229777e+00	1.197576e-01	1.041365e+00	3.070737e+00	9.673215e-01	5.210082e-02	
4  3.64053	2.268875e+00	1.170924e-01	1.041607e+00	3.081066e+00	9.735965e-01	6.011814e-02	
2  4.10879	2.251885e+00	1.174154e-01	1.041108e+00	3.083886e+00	9.740061e-01	6.173138e-02	
1  6.20522	2.268606e+00	1.173816e-01	1.041595e+00	3.087577e+00	9.741245e-01	6.238695e-02	
3  6.10756	2.262841e+00	1.190855e-01	1.041389e+00	3.092634e+00	9.675351e-01	6.184253e-02	
1  3.87807	2.244426e+00	1.204944e-01	1.041130e+00	3.085438e+00	9.632408e-01	5.662698e-02	
1  6.35939	2.226449e+00	1.204202e-01	1.040683e+00	3.078429e+00	9.615012e-01	5.306977e-02	
1  2.44887	2.226432e+00	1.204633e-01	1.040635e+00	3.079125e+00	9.618390e-01	5.453391e-02	
3  1.23967	2.242513e+00	1.194309e-01	1.040774e+00	3.080956e+00	9.661234e-01	5.736326e-02	
14  1.66042	2.233621e+00	1.203448e-01	1.040891e+00	3.084898e+00	9.659472e-01	5.829909e-02	
6  2.79693	2.220091e+00	1.206899e-01	1.041294e+00	3.075160e+00	9.669306e-01	5.309698e-02	
2  4.16587	2.222884e+00	1.195899e-01	1.041568e+00	3.077961e+00	9.693389e-01	5.567597e-02	
1  2.65679	2.232106e+00	1.187543e-01	1.040642e+00	3.076709e+00	9.682608e-01	5.661343e-02	
4  5.57287	2.244193e+00	1.171418e-01	1.040681e+00	3.080269e+00	9.683037e-01	6.032813e-02	
1  5.0121	2.229476e+00	1.181723e-01	1.040918e+00	3.083657e+00	9.688599e-01	6.180589e-02	
7  4.1747	2.241968e+00	1.190463e-01	1.040636e+00	3.085814e+00	9.640551e-01	6.105011e-02	
1  3.42744	2.246751e+00	1.176715e-01	1.040907e+00	3.081669e+00	9.690805e-01	6.076052e-02	
6  4.6361	2.255883e+00	1.169257e-01	1.041069e+00	3.083379e+00	9.682690e-01	6.158061e-02	
1  5.67829	2.255605e+00	1.165166e-01	1.041313e+00	3.083390e+00	9.715580e-01	6.300244e-02	
5  3.80708	2.257452e+00	1.187044e-01	1.041175e+00	3.085565e+00	9.678355e-01	6.175367e-02	
3  4.53951	2.231516e+00	1.182524e-01	1.040905e+00	3.084058e+00	9.709331e-01	6.214362e-02	
1  5.1669	2.243573e+00	1.179373e-01	1.041462e+00	3.079691e+00	9.698618e-01	6.013979e-02	
3  2.28981	2.252898e+00	1.179698e-01	1.041350e+00	3.075046e+00	9.721630e-01	5.742500e-02	
18  2.46292	2.249226e+00	1.182833e-01	1.041567e+00	3.070662e+00	9.704960e-01	5.468169e-02	
3  1.83179	2.259243e+00	1.193630e-01	1.041340e+00	3.074254e+00	9.683643e-01	5.490620e-02	
2  2.40364	2.267433e+00	1.191918e-01	1.041157e+00	3.070430e+00	9.678299e-01	5.281753e-02	
17  3.09697	2.259357e+00	1.196053e-01	1.041285e+00	3.068037e+00	9.639422e-01	5.110675e-02	
1  2.2783	2.255663e+00	1.190724e-01	1.041199e+00	3.067757e+00	9.640750e-01	5.129301e-02	
1  3.05023	2.266976e+00	1.193366e-01	1.041001e+00	3.070269e+00	9.639190e-01	5.213723e-02	
4  2.30981	2.261931e+00	1.202735e-01	1.041446e+00	3.081129e+00	9.638303e-01	5.603884e-02	
3  2.97842	2.239105e+00	1.215740e-01	1.041409e+00	3.080851e+00	9.598873e-01	5.491822e-02	
1  3.99888	2.248402e+00	1.210674e-01	1.041579e+00	3.080693e+00	9.587383e-01	5.364951e-02	
1  3.65767	2.252633e+00	1.221186e-01	1.041144e+00	3.075947e+00	9.591833e-01	5.073890e-02	
6  3.19095	2.237308e+00	1.216291e-01	1.040550e+00	3.065749e+00	9.599425e-01	4.722816e-02	
1  5.80566	2.229184e+00	1.217083e-01	1.040256e+00	3.061661e+00	9.588174e-01	4.568265e-02	
5  4.02527	2.231122e+00	1.209638e-01	1.040424e+00	3.066801e+00	9.583867e-01	4.846740e-02	
7  2.35286	2.225122e+00	1.199369e-01	1.040595e+00	3.070470e+00	9.659505e-01	5.300050e-02	
5  2.67147	2.214493e+00	1.211655e-01	1.040953e+00	3.070339e+00	9.610531e-01	5.089349e-02	
2  1.90852	2.242061e+00	1.209541e-01	1.041231e+00	3.082633e+00	9.612240e-01	5.666641e-02	
7  4.52733	2.260691e+00	1.189604e-01	1.041676e+00	3.090164e+00	9.683688e-01	6.319734e-02	
6  4.49933	2.239750e+00	1.193489e-01	1.041569e+00	3.081603e+00	9.652194e-01	5.875792e-02	
3  2.88131	2.222933e+00	1.205167e-01	1.041201e+00	3.083424e+00	9.620500e-01	5.796231e-02	
3  3.36134	2.207632e+00	1.211438e-01	1.040945e+00	3.075782e+00	9.602808e-01	5.320124e-02	
2  5.15844	2.207966e+00	1.205514e-01	1.041429e+00	3.083852e+00	9.629265e-01	5.778255e-02	
3  2.33929	2.220750e+00	1.204914e-01	1.041210e+00	3.068254e+00	9.634811e-01	4.930211e-02	
4  3.11703	2.209871e+00	1.217800e-01	1.041002e+00	3.079218e+00	9.629700e-01	5.364027e-02	
7  2.97654	2.244253e+00	1.209840e-01	1.041368e+00	3.091408e+00	9.619972e-01	5.950815e-02	
1  2.76355	2.229950e+00	1.202428e-01	1.041272e+00	3.090385e+00	9.644788e-01	6.038107e-02	
2  2.55668	2.221913e+00	1.208277e-01	1.041248e+00	3.087263e+00	9.618633e-01	5.819519e-02	
1  2.2584	2.241063e+00	1.202716e-01	1.041360e+00	3.087863e+00	9.620085e-01	5.858093e-02	
12  2.00007	2.237958e+00	1.202600e-01	1.041404e+00	3.077015e+00	9.635154e-01	5.317676e-02	
6  1.61196	2.250113e+00	1.209609e-01	1.041280e+00	3.075745e+00	9.629046e-01	5.217784e-02	
2  2.1675	2.258156e+00	1.203898e-01	1.041549e+00	3.076845e+00	9.639464e-01	5.357928e-02	
1  2.10452	2.265613e+00	1.196892e-01	1.041182e+00	3.080416e+00	9.658832e-01	5.623164e-02	
2  1.90895	2.268445e+00	1.186086e-01	1.041110e+00	3.074193e+00	9.680858e-01	5.473788e-02	
1  2.35742	2.266779e+00	1.186904e-01	1.040982e+00	3.069310e+00	9.661624e-01	5.244159e-02	
2  0.579486	2.246321e+00	1.189722e-01	1.040998e+00	3.073210e+00	9.669454e-01	5.459065e-02	
4  0.379298	2.237244e+00	1.193034e-01	1.041062e+00	3.073197e+00	9.657237e-01	5.370645e-02	
3  1.05029	2.236522e+00	1.205891e-01	1.040792e+00	3.071752e+00	9.618658e-01	5.090948e-02	
2  1.77634	2.228650e+00	1.197807e-01	1.041262e+00	3.068024e+00	9.634224e-01	5.044199e-02	
2  2.49479	2.248271e+00	1.205891e-01	1.040702e+00	3.080355e+00	9.593461e-01	5.481541e-02	
1  2.84419	2.238293e+00	1.201299e-01	1.040546e+00	3.071401e+00	9.602436e-01	5.108770e-02	
2  2.28132	2.235568e+00	1.185946e-01	1.040807e+00	3.081700e+00	9.667978e-01	5.881448e-02	
1  2.6491	2.228213e+00	1.197927e-01	1.040639e+00	3.080707e+00	9.680551e-01	5.780949e-02	
1  4.73322	2.251882e+00	1.192216e-01	1.040446e+00	3.079756e+00	9.635977e-01	5.592746e-02	
15  3.81779	2.235673e+00	1.198128e-01	1.040314e+00	3.072046e+00	9.626036e-01	5.214678e-02	
2  6.09083	2.280136e+00	1.177968e-01	1.040930e+00	3.085840e+00	9.660549e-01	6.145012e-02	
1  3.20253	2.273978e+00	1.189142e-01	1.041288e+00	3.080420e+00	9.650793e-01	5.725669e-02	
7  1.91424	2.257475e+00	1.191868e-01	1.041466e+00	3.076847e+00	9.636230e-01	5.458897e-02	
4  1.80433	2.246359e+00	1.199237e-01	1.041479e+00	3.076074e+00	9.627020e-01	5.310563e-02	
3  1.47386	2.238409e+00	1.194259e-01	1.040923e+00	3.078836e+00	9.629172e-01	5.558032e-02	
2  1.25255	2.222531e+00	1.208556e-01	1.040898e+00	3.068573e+00	9.625010e-01	5.012683e-02	
7  1.6611	2.238221e+00	1.194148e-01	1.040803e+00	3.067255e+00	9.682829e-01	5.187838e-02	
1  6.29421	2.257178e+00	1.172473e-01	1.040417e+00	3.073503e+00	9.702690e-01	5.739371e-02	
9  5.95688	2.243931e+00	1.179536e-01	1.040629e+00	3.068936e+00	9.713918e-01	5.554245e-02	
1  7.1082	2.220980e+00	1.193597e-01	1.040829e+00	3.063244e+00	9.729517e-01	5.168728e-02	
6  6.23061	2.224589e+00	1.203452e-01	1.040801e+00	3.059785e+00	9.704010e-01	4.841003e-02	
2  8.77183	2.225678e+00	1.191611e-01	1.040681e+00	3.072611e+00	9.746494e-01	5.682402e-02	
1  9.86675	2.200492e+00	1.206681e-01	1.040932e+00	3.072346e+00	9.719342e-01	5.495940e-02	
1  9.30681	2.197361e+00	1.215145e-01	1.040611e+00	3.079689e+00	9.695037e-01	5.680881e-02	
4  8.05794	2.202754e+00	1.201275e-01	1.040248e+00	3.082785e+00	9.670407e-01	5.916920e-02	
2  5.85684	2.227286e+00	1.195051e-01	1.040518e+00	3.088703e+00	9.700579e-01	6.253091e-02	
1  4.31162	2.232739e+00	1.190184e-01	1.040686e+00	3.089175e+00	9.665282e-01	6.158216e-02	
9  2.94286	2.237792e+00	1.188737e-01	1.041016e+00	3.081313e+00	9.681128e-01	5.754443e-02	
4  4.79668	2.229956e+00	1.201853e-01	1.041183e+00	3.080367e+00	9.702718e-01	5.639153e-02	
6  2.15244	2.241147e+00	1.187302e-01	1.041167e+00	3.080448e+00	9.713011e-01	5.846540e-02	
1  2.51488	2.243802e+00	1.175647e-01	1.041189e+00	3.075197e+00	9.722554e-01	5.703890e-02	
1  2.08881	2.244070e+00	1.188164e-01	1.041119e+00	3.087918e+00	9.695975e-01	6.195240e-02	
2  2.19186	2.232834e+00	1.205873e-01	1.041195e+00	3.091835e+00	9.659763e-01	6.188650e-02	
2  2.47969	2.216899e+00	1.200815e-01	1.040829e+00	3.083589e+00	9.651655e-01	5.871407e-02	
1  1.56689	2.247918e+00	1.187928e-01	1.041057e+00	3.081966e+00	9.699763e-01	5.954965e-02	
13  3.23544	2.242550e+00	1.173325e-01	1.041124e+00	3.067823e+00	9.737739e-01	5.420435e-02	
1  2.26079	2.262070e+00	1.179995e-01	1.040957e+00	3.075250e+00	9.709041e-01	5.667925e-02	
1  3.13914	2.264647e+00	1.182235e-01	1.041170e+00	3.078464e+00	9.709379e-01	5.879051e-02	
1  3.7688	2.251545e+00	1.185546e-01	1.040865e+00	3.089026e+00	9.697868e-01	6.372542e-02	
1  4.64749	2.274796e+00	1.173773e-01	1.041108e+00	3.083698e+00	9.706770e-01	6.188106e-02	
4  4.22241	2.261296e+00	1.184234e-01	1.040553e+00	3.080888e+00	9.669952e-01	5.907797e-02	
2  2.49384	2.238110e+00	1.209026e-01	1.040502e+00	3.082262e+00	9.616099e-01	5.689510e-02	
8  1.50026	2.236892e+00	1.212664e-01	1.040866e+00	3.083131e+00	9.595355e-01	5.619365e-02	
6  1.35401	2.241046e+00	1.205961e-01	1.041377e+00	3.072821e+00	9.642777e-01	5.258306e-02	
4  1.60337	2.258014e+00	1.194908e-01	1.041290e+00	3.072987e+00	9.637328e-01	5.310186e-02	
13  1.59585	2.230329e+00	1.211425e-01	1.040939e+00	3.078088e+00	9.601764e-01	5.435572e-02	
8  1.67815	2.221460e+00	1.211274e-01	1.040956e+00	3.068722e+00	9.604824e-01	4.930106e-02	
