5  6.47824	2.254827e+00	1.209100e-01	1.040779e+00	3.093016e+00	9.597546e-01	5.953818e-02	
2  3.64641	2.244400e+00	1.207778e-01	1.041531e+00	3.086699e+00	9.616401e-01	5.690320e-02	
5  2.6386	2.249178e+00	1.203815e-01	1.041355e+00	3.074954e+00	9.633659e-01	5.171692e-02	
4  1.80892	2.239169e+00	1.201662e-01	1.040809e+00	3.078458e+00	9.637505e-01	5.439610e-02	
4  3.27772	2.241970e+00	1.202013e-01	1.040822e+00	3.089202e+00	9.636720e-01	5.948522e-02	
2  2.32951	2.232124e+00	1.206925e-01	1.041523e+00	3.083297e+00	9.649098e-01	5.646700e-02	
4  2.15656	2.241732e+00	1.201597e-01	1.041536e+00	3.081550e+00	9.643667e-01	5.567228e-02	
6  1.90305	2.237443e+00	1.190126e-01	1.041253e+00	3.070948e+00	9.639536e-01	5.214152e-02	
3  2.26436	2.254057e+00	1.185503e-01	1.041215e+00	3.070420e+00	9.642995e-01	5.192715e-02	
1  2.13978	2.265008e+00	1.173892e-01	1.041357e+00	3.070591e+00	9.702750e-01	5.414811e-02	
6  2.14306	2.263278e+00	1.179790e-01	1.041290e+00	3.079338e+00	9.717721e-01	5.860337e-02	
1  1.96087	2.268206e+00	1.184045e-01	1.041442e+00	3.078032e+00	9.689121e-01	5.661619e-02	
2  2.38249	2.265166e+00	1.183508e-01	1.041461e+00	3.080659e+00	9.691543e-01	5.765434e-02	
3  2.40505	2.243437e+00	1.181238e-01	1.041279e+00	3.081221e+00	9.692416e-01	5.850795e-02	
9  3.38009	2.243109e+00	1.174225e-01	1.041342e+00	3.072012e+00	9.677211e-01	5.501903e-02	
13  2.52371	2.269550e+00	1.173970e-01	1.041319e+00	3.078239e+00	9.689879e-01	5.786292e-02	
2  3.88082	2.263269e+00	1.162681e-01	1.041139e+00	3.071479e+00	9.729353e-01	5.631483e-02	
5  3.14172	2.264968e+00	1.173929e-01	1.041679e+00	3.073055e+00	9.721266e-01	5.529081e-02	
1  3.13876	2.254690e+00	1.181668e-01	1.041778e+00	3.071733e+00	9.727283e-01	5.456050e-02	
14  3.70584	2.248825e+00	1.178872e-01	1.041606e+00	3.069187e+00	9.734653e-01	5.331258e-02	
11  4.75411	2.259482e+00	1.159743e-01	1.041392e+00	3.063330e+00	9.739236e-01	5.262653e-02	
1  3.62434	2.256512e+00	1.185517e-01	1.041663e+00	3.060871e+00	9.674226e-01	4.761218e-02	
5  4.50073	2.266407e+00	1.175758e-01	1.041792e+00	3.070053e+00	9.674756e-01	5.268991e-02	
1  2.55409	2.258885e+00	1.181179e-01	1.041744e+00	3.071760e+00	9.696461e-01	5.371130e-02	
1  2.51372	2.258607e+00	1.180943e-01	1.041527e+00	3.084147e+00	9.691335e-01	5.973151e-02	
1  4.04472	2.272423e+00	1.175986e-01	1.041815e+00	3.078189e+00	9.687696e-01	5.700953e-02	
5  2.27057	2.245185e+00	1.177532e-01	1.041063e+00	3.078411e+00	9.678930e-01	5.821341e-02	
3  0.362846	2.235049e+00	1.197173e-01	1.041219e+00	3.073832e+00	9.649278e-01	5.350226e-02	
3  1.03834	2.235592e+00	1.200374e-01	1.041498e+00	3.072352e+00	9.660437e-01	5.252227e-02	
3  0.383019	2.246190e+00	1.195560e-01	1.041021e+00	3.072742e+00	9.656525e-01	5.286183e-02	
1  1.30268	2.243393e+00	1.201168e-01	1.040879e+00	3.082988e+00	9.640660e-01	5.694164e-02	
3  2.44178	2.244615e+00	1.200056e-01	1.040772e+00	3.083953e+00	9.616084e-01	5.698406e-02	
3  3.0866	2.244901e+00	1.183933e-01	1.040809e+00	3.082430e+00	9.646559e-01	5.859476e-02	
2  4.655	2.255888e+00	1.203849e-01	1.041541e+00	3.084606e+00	9.599636e-01	5.584213e-02	
1  3.52599	2.214214e+00	1.223216e-01	1.041019e+00	3.079532e+00	9.582005e-01	5.211846e-02	
3  3.3784	2.219318e+00	1.195288e-01	1.041374e+00	3.081780e+00	9.664579e-01	5.748047e-02	
4  4.63342	2.197296e+00	1.232446e-01	1.040922e+00	3.082958e+00	9.585057e-01	5.458772e-02	
2  4.69686	2.219522e+00	1.219694e-01	1.041461e+00	3.071112e+00	9.664927e-01	5.030672e-02	
3  3.77007	2.227883e+00	1.227703e-01	1.041326e+00	3.071565e+00	9.622610e-01	4.945429e-02	
1  2.36988	2.237315e+00	1.219616e-01	1.041235e+00	3.075784e+00	9.640237e-01	5.245863e-02	
3  2.69965	2.232562e+00	1.214364e-01	1.041579e+00	3.077876e+00	9.649073e-01	5.415861e-02	
1  0.961427	2.235161e+00	1.211053e-01	1.041289e+00	3.078686e+00	9.648659e-01	5.460461e-02	
1  1.29371	2.247651e+00	1.196063e-01	1.041386e+00	3.082339e+00	9.683626e-01	5.849776e-02	
3  4.63576	2.267579e+00	1.172853e-01	1.041751e+00	3.071617e+00	9.696405e-01	5.554919e-02	
1  4.63956	2.276341e+00	1.164792e-01	1.041509e+00	3.076511e+00	9.728698e-01	5.918447e-02	
1  3.58964	2.271838e+00	1.174341e-01	1.041498e+00	3.067722e+00	9.717771e-01	5.387688e-02	
1  2.35062	2.264933e+00	1.196808e-01	1.041116e+00	3.071098e+00	9.668776e-01	5.251558e-02	
2  1.60072	2.243257e+00	1.196178e-01	1.040773e+00	3.066426e+00	9.675176e-01	5.053064e-02	
1  2.23175	2.241894e+00	1.194759e-01	1.041357e+00	3.067957e+00	9.709760e-01	5.182792e-02	
7  2.10526	2.238107e+00	1.197150e-01	1.041284e+00	3.073026e+00	9.705826e-01	5.448800e-02	
2  2.5351	2.219468e+00	1.202077e-01	1.041156e+00	3.069136e+00	9.685811e-01	5.146876e-02	
3  2.04849	2.218057e+00	1.215027e-01	1.040919e+00	3.071914e+00	9.644503e-01	5.083847e-02	
2  1.83001	2.233571e+00	1.196686e-01	1.041028e+00	3.075889e+00	9.697085e-01	5.530237e-02	
1  2.7787	2.264233e+00	1.180710e-01	1.041399e+00	3.081351e+00	9.722891e-01	5.929845e-02	
6  2.83584	2.250258e+00	1.191820e-01	1.041272e+00	3.074342e+00	9.717772e-01	5.481264e-02	
14  3.25812	2.251602e+00	1.208416e-01	1.041007e+00	3.074382e+00	9.667788e-01	5.247428e-02	
1  1.23382	2.250414e+00	1.192592e-01	1.040778e+00	3.078459e+00	9.648497e-01	5.631828e-02	
7  1.43181	2.228692e+00	1.207454e-01	1.040746e+00	3.079457e+00	9.602522e-01	5.490536e-02	
2  1.82253	2.239355e+00	1.207785e-01	1.040616e+00	3.075014e+00	9.642071e-01	5.382071e-02	
2  1.08131	2.234460e+00	1.192814e-01	1.041051e+00	3.072576e+00	9.687435e-01	5.461462e-02	
3  1.84221	2.237824e+00	1.200342e-01	1.041085e+00	3.080552e+00	9.686620e-01	5.791961e-02	
3  1.82565	2.224664e+00	1.207759e-01	1.040801e+00	3.079175e+00	9.665804e-01	5.590341e-02	
7  1.77658	2.228752e+00	1.217227e-01	1.040558e+00	3.075826e+00	9.598368e-01	5.239559e-02	
3  1.39057	2.217589e+00	1.217729e-01	1.040768e+00	3.073559e+00	9.614267e-01	5.137392e-02	
1  2.46387	2.238172e+00	1.212558e-01	1.040504e+00	3.076823e+00	9.614032e-01	5.281210e-02	
10  0.848861	2.229306e+00	1.216115e-01	1.040987e+00	3.077205e+00	9.605435e-01	5.254394e-02	
19  0.602318	2.237422e+00	1.203240e-01	1.041162e+00	3.073501e+00	9.628306e-01	5.193916e-02	
2  4.3928	2.257834e+00	1.205246e-01	1.041085e+00	3.071956e+00	9.585194e-01	4.961913e-02	
1  1.84727	2.241835e+00	1.211265e-01	1.040972e+00	3.069839e+00	9.614566e-01	4.895340e-02	
2  1.93563	2.238632e+00	1.202160e-01	1.041319e+00	3.064090e+00	9.629502e-01	4.748658e-02	
3  0.758414	2.253813e+00	1.194806e-01	1.041065e+00	3.078115e+00	9.643221e-01	5.528423e-02	
6  1.03948	2.257494e+00	1.197783e-01	1.041121e+00	3.079964e+00	9.659014e-01	5.639001e-02	
1  0.618622	2.251139e+00	1.188038e-01	1.041096e+00	3.070237e+00	9.666480e-01	5.284504e-02	
3  0.810919	2.256910e+00	1.190350e-01	1.041151e+00	3.075729e+00	9.682280e-01	5.548116e-02	
1  0.914029	2.251441e+00	1.193506e-01	1.041195e+00	3.082835e+00	9.653866e-01	5.850005e-02	
4  0.592503	2.248487e+00	1.194588e-01	1.041029e+00	3.079690e+00	9.670917e-01	5.718048e-02	
1  2.88649	2.252826e+00	1.192552e-01	1.041678e+00	3.074011e+00	9.637976e-01	5.353592e-02	
2  2.11492	2.252112e+00	1.192900e-01	1.041596e+00	3.066653e+00	9.663117e-01	5.054135e-02	
5  4.26387	2.217367e+00	1.210547e-01	1.041184e+00	3.065814e+00	9.604708e-01	4.866777e-02	
2  6.62016	2.207198e+00	1.212969e-01	1.040632e+00	3.065291e+00	9.573242e-01	4.785923e-02	
3  5.52442	2.220269e+00	1.208638e-01	1.040781e+00	3.060259e+00	9.580362e-01	4.497682e-02	
2  4.87856	2.241528e+00	1.199139e-01	1.040841e+00	3.061360e+00	9.591318e-01	4.627917e-02	
4  4.271	2.241619e+00	1.181963e-01	1.040655e+00	3.072401e+00	9.639092e-01	5.385366e-02	
1  5.00976	2.242171e+00	1.178867e-01	1.040473e+00	3.067779e+00	9.657195e-01	5.264370e-02	
2  3.89978	2.226232e+00	1.193198e-01	1.040596e+00	3.061985e+00	9.634671e-01	4.817635e-02	
2  4.27718	2.235669e+00	1.172066e-01	1.041290e+00	3.068207e+00	9.701349e-01	5.442541e-02	
2  6.19689	2.233116e+00	1.168772e-01	1.041352e+00	3.062681e+00	9.698517e-01	5.165122e-02	
2  3.61899	2.232863e+00	1.183941e-01	1.041572e+00	3.062837e+00	9.709850e-01	5.063164e-02	
1  1.97114	2.227375e+00	1.194829e-01	1.041502e+00	3.072791e+00	9.681224e-01	5.366143e-02	
1  3.05189	2.223699e+00	1.199903e-01	1.041579e+00	3.076780e+00	9.689676e-01	5.547576e-02	
1  2.55817	2.225921e+00	1.194917e-01	1.041177e+00	3.087571e+00	9.676061e-01	6.086434e-02	
3  2.97427	2.227303e+00	1.192853e-01	1.041475e+00	3.085457e+00	9.679544e-01	6.048542e-02	
6  1.61478	2.231591e+00	1.200810e-01	1.041250e+00	3.082374e+00	9.677984e-01	5.755574e-02	
6  0.860943	2.239093e+00	1.196760e-01	1.041215e+00	3.078822e+00	9.678896e-01	5.609578e-02	
7  1.54247	2.238963e+00	1.203310e-01	1.041348e+00	3.073563e+00	9.646367e-01	5.174144e-02	
4  2.14688	2.247452e+00	1.195243e-01	1.041364e+00	3.066376e+00	9.669015e-01	4.922211e-02	
1  2.95792	2.264434e+00	1.187650e-01	1.041170e+00	3.070777e+00	9.710977e-01	5.323827e-02	
6  1.45527	2.251443e+00	1.188827e-01	1.041419e+00	3.064168e+00	9.681446e-01	4.967159e-02	
3  1.0183	2.256593e+00	1.182945e-01	1.041261e+00	3.069040e+00	9.692208e-01	5.302918e-02	
4  1.13981	2.234822e+00	1.192907e-01	1.040982e+00	3.073740e+00	9.678309e-01	5.400334e-02	
1  0.678137	2.228794e+00	1.205969e-01	1.040837e+00	3.075858e+00	9.648477e-01	5.383527e-02	
1  1.66235	2.243723e+00	1.197832e-01	1.040776e+00	3.072851e+00	9.678626e-01	5.338157e-02	
5  1.79016	2.250997e+00	1.195142e-01	1.040718e+00	3.080063e+00	9.668715e-01	5.720546e-02	
2  1.57342	2.246164e+00	1.203256e-01	1.041197e+00	3.069571e+00	9.661995e-01	5.170041e-02	
4  1.4193	2.254410e+00	1.190337e-01	1.040946e+00	3.077653e+00	9.663925e-01	5.681485e-02	
1  0.99344	2.245814e+00	1.198069e-01	1.041050e+00	3.080649e+00	9.657416e-01	5.759043e-02	
2  2.6664	2.243115e+00	1.201988e-01	1.040934e+00	3.085583e+00	9.681587e-01	6.012752e-02	
6  1.1848	2.231859e+00	1.199170e-01	1.041190e+00	3.078164e+00	9.683730e-01	5.597637e-02	
4  1.66388	2.234109e+00	1.210950e-01	1.040822e+00	3.084830e+00	9.648741e-01	5.795717e-02	
5  1.18213	2.231457e+00	1.208525e-01	1.041260e+00	3.076302e+00	9.665106e-01	5.414844e-02	
5  2.20706	2.224870e+00	1.200688e-01	1.041398e+00	3.067881e+00	9.665807e-01	5.118252e-02	
1  2.19675	2.257158e+00	1.191074e-01	1.041343e+00	3.061718e+00	9.676604e-01	4.847039e-02	
1  2.77295	2.255885e+00	1.195978e-01	1.041644e+00	3.066929e+00	9.685231e-01	5.007989e-02	
2  1.97722	2.253688e+00	1.197303e-01	1.041635e+00	3.072267e+00	9.679840e-01	5.270377e-02	
10  2.08239	2.229832e+00	1.217464e-01	1.040967e+00	3.066260e+00	9.620920e-01	4.815062e-02	
5  3.39305	2.244593e+00	1.211614e-01	1.041262e+00	3.073183e+00	9.614347e-01	5.226337e-02	
1  4.51413	2.235150e+00	1.221413e-01	1.040959e+00	3.067512e+00	9.632520e-01	4.917828e-02	
2  3.27965	2.249821e+00	1.208392e-01	1.041258e+00	3.070636e+00	9.664072e-01	5.190514e-02	
1  2.63294	2.245397e+00	1.212938e-01	1.040715e+00	3.078575e+00	9.622765e-01	5.488416e-02	
6  1.51782	2.219288e+00	1.208386e-01	1.040805e+00	3.080130e+00	9.636451e-01	5.626951e-02	
2  5.00814	2.219867e+00	1.193523e-01	1.041480e+00	3.075183e+00	9.654530e-01	5.563118e-02	
2  3.68814	2.241347e+00	1.183341e-01	1.041436e+00	3.077136e+00	9.709102e-01	5.851621e-02	
1  4.68525	2.257530e+00	1.177090e-01	1.041343e+00	3.078127e+00	9.729945e-01	5.992538e-02	
2  6.64128	2.274325e+00	1.169482e-01	1.041566e+00	3.077767e+00	9.750432e-01	6.040482e-02	
4  7.69266	2.258570e+00	1.175478e-01	1.041611e+00	3.063071e+00	9.752637e-01	5.317495e-02	
1  8.30917	2.262319e+00	1.163861e-01	1.041914e+00	3.062941e+00	9.744102e-01	5.348342e-02	
3  6.72426	2.274215e+00	1.173429e-01	1.042009e+00	3.063999e+00	9.749404e-01	5.210908e-02	
6  3.47084	2.259105e+00	1.188289e-01	1.041715e+00	3.064046e+00	9.682744e-01	5.007622e-02	
4  3.06187	2.261169e+00	1.182153e-01	1.041598e+00	3.071956e+00	9.694012e-01	5.512953e-02	
5  1.22308	2.221662e+00	1.202990e-01	1.041107e+00	3.076170e+00	9.659578e-01	5.428789e-02	
5  1.28866	2.226045e+00	1.201101e-01	1.040810e+00	3.082504e+00	9.642427e-01	5.775311e-02	
1  1.27624	2.230343e+00	1.194333e-01	1.041315e+00	3.074496e+00	9.652829e-01	5.438907e-02	
3  1.32355	2.251731e+00	1.202927e-01	1.041415e+00	3.072191e+00	9.655304e-01	5.220337e-02	
1  0.492286	2.239750e+00	1.197336e-01	1.041135e+00	3.075942e+00	9.675516e-01	5.538574e-02	
3  1.19084	2.235046e+00	1.197388e-01	1.040977e+00	3.081808e+00	9.677207e-01	5.850001e-02	
6  1.33959	2.236680e+00	1.212088e-01	1.040931e+00	3.069713e+00	9.612931e-01	5.011603e-02	
8  2.2054	2.247179e+00	1.207689e-01	1.040641e+00	3.070821e+00	9.637676e-01	5.130180e-02	
2  3.19328	2.245640e+00	1.199978e-01	1.040757e+00	3.066355e+00	9.614319e-01	4.986542e-02	
2  2.75647	2.240689e+00	1.208380e-01	1.040817e+00	3.064572e+00	9.655466e-01	4.887614e-02	
3  4.71397	2.223594e+00	1.223204e-01	1.041019e+00	3.061676e+00	9.631706e-01	4.586763e-02	
1  5.98249	2.213685e+00	1.212626e-01	1.041154e+00	3.055817e+00	9.659094e-01	4.441791e-02	
9  4.62604	2.230135e+00	1.200009e-01	1.041325e+00	3.060240e+00	9.688984e-01	4.847571e-02	
1  3.87056	2.230869e+00	1.194353e-01	1.041206e+00	3.063476e+00	9.689662e-01	5.077628e-02	
4  3.03359	2.230074e+00	1.205396e-01	1.041288e+00	3.076767e+00	9.686728e-01	5.586581e-02	
3  2.61975	2.242505e+00	1.205738e-01	1.040993e+00	3.071684e+00	9.686410e-01	5.251123e-02	
2  2.84192	2.236011e+00	1.195882e-01	1.040761e+00	3.065896e+00	9.699868e-01	5.111792e-02	
1  3.82351	2.252592e+00	1.205756e-01	1.041618e+00	3.063455e+00	9.654127e-01	4.718179e-02	
1  1.70107	2.227735e+00	1.204620e-01	1.041301e+00	3.065911e+00	9.633171e-01	4.884483e-02	
2  1.89243	2.217318e+00	1.203689e-01	1.041127e+00	3.074442e+00	9.627921e-01	5.306745e-02	
3  1.53406	2.219015e+00	1.208957e-01	1.040952e+00	3.073842e+00	9.608903e-01	5.203479e-02	
4  2.56948	2.217707e+00	1.207106e-01	1.040631e+00	3.084181e+00	9.616510e-01	5.776632e-02	
5  2.65581	2.220447e+00	1.214185e-01	1.040905e+00	3.092471e+00	9.622656e-01	6.083955e-02	
1  2.15045	2.238615e+00	1.211175e-01	1.040824e+00	3.082091e+00	9.587741e-01	5.581406e-02	
1  1.27548	2.222450e+00	1.213098e-01	1.040838e+00	3.076769e+00	9.608922e-01	5.365042e-02	
4  0.761343	2.235252e+00	1.199638e-01	1.040971e+00	3.073489e+00	9.634123e-01	5.348538e-02	
1  1.1472	2.231721e+00	1.207426e-01	1.041181e+00	3.068437e+00	9.638046e-01	5.034461e-02	
3  1.06268	2.250184e+00	1.195525e-01	1.041501e+00	3.071831e+00	9.656022e-01	5.213361e-02	
2  0.894154	2.255579e+00	1.182433e-01	1.041227e+00	3.073213e+00	9.679987e-01	5.468445e-02	
3  1.21382	2.253487e+00	1.197318e-01	1.041332e+00	3.072974e+00	9.636683e-01	5.283888e-02	
3  3.76531	2.238682e+00	1.203696e-01	1.041715e+00	3.062301e+00	9.657639e-01	4.720361e-02	
2  2.01112	2.244508e+00	1.194266e-01	1.041639e+00	3.070215e+00	9.670473e-01	5.255191e-02	
6  2.3493	2.225680e+00	1.208093e-01	1.041298e+00	3.074364e+00	9.680989e-01	5.375974e-02	
6  2.69463	2.226602e+00	1.200994e-01	1.041136e+00	3.065989e+00	9.693038e-01	5.088633e-02	
1  1.72154	2.243027e+00	1.206533e-01	1.041306e+00	3.073112e+00	9.666535e-01	5.309633e-02	
5  5.08248	2.222375e+00	1.211123e-01	1.040792e+00	3.060811e+00	9.663038e-01	4.770826e-02	
3  3.78963	2.240468e+00	1.191345e-01	1.041022e+00	3.060027e+00	9.714383e-01	4.921564e-02	
2  2.76363	2.228657e+00	1.192207e-01	1.041054e+00	3.063262e+00	9.692718e-01	5.054861e-02	
5  3.65351	2.217464e+00	1.197281e-01	1.041394e+00	3.066810e+00	9.696147e-01	5.130929e-02	
4  3.29778	2.225817e+00	1.190234e-01	1.041332e+00	3.060670e+00	9.669304e-01	4.819887e-02	
3  3.39379	2.242396e+00	1.181273e-01	1.041142e+00	3.065881e+00	9.728642e-01	5.177903e-02	
2  4.53636	2.255843e+00	1.177934e-01	1.041360e+00	3.066409e+00	9.723536e-01	5.132121e-02	
1  4.41509	2.256181e+00	1.171476e-01	1.041757e+00	3.063916e+00	9.727982e-01	5.112597e-02	
14  3.2804	2.250437e+00	1.188879e-01	1.041271e+00	3.062549e+00	9.688191e-01	4.811934e-02	
2  7.26655	2.260007e+00	1.203821e-01	1.041667e+00	3.069290e+00	9.687961e-01	4.953257e-02	
6  6.48415	2.261565e+00	1.198609e-01	1.041632e+00	3.073035e+00	9.694093e-01	5.182475e-02	
1  3.09313	2.240316e+00	1.203337e-01	1.041601e+00	3.077041e+00	9.676136e-01	5.385608e-02	
4  2.7992	2.253509e+00	1.196356e-01	1.041680e+00	3.083606e+00	9.692012e-01	5.871399e-02	
3  3.93893	2.267798e+00	1.197126e-01	1.041775e+00	3.080306e+00	9.673903e-01	5.612279e-02	
5  4.68513	2.272070e+00	1.199053e-01	1.041418e+00	3.089129e+00	9.636309e-01	5.930112e-02	
1  4.34488	2.247645e+00	1.220632e-01	1.041164e+00	3.090615e+00	9.586007e-01	5.748591e-02	
2  4.33049	2.236788e+00	1.220170e-01	1.040781e+00	3.096273e+00	9.572421e-01	6.090802e-02	
6  5.145	2.251999e+00	1.215420e-01	1.041241e+00	3.096005e+00	9.579477e-01	6.069553e-02	
4  5.3575	2.225919e+00	1.221871e-01	1.040785e+00	3.097865e+00	9.569853e-01	6.274760e-02	
1  6.22062	2.220822e+00	1.223242e-01	1.040451e+00	3.099456e+00	9.590521e-01	6.404362e-02	
2  7.17619	2.223344e+00	1.222403e-01	1.040429e+00	3.103303e+00	9.596902e-01	6.605517e-02	
2  4.61705	2.264331e+00	1.202637e-01	1.040969e+00	3.096210e+00	9.627003e-01	6.335798e-02	
1  5.62219	2.263498e+00	1.206505e-01	1.040782e+00	3.094146e+00	9.645111e-01	6.238039e-02	
4  4.14249	2.220479e+00	1.224291e-01	1.040472e+00	3.086446e+00	9.624225e-01	5.764126e-02	
10  3.40336	2.228586e+00	1.223252e-01	1.040410e+00	3.074235e+00	9.611117e-01	5.132948e-02	
1  2.4973	2.240953e+00	1.215183e-01	1.040568e+00	3.070771e+00	9.611152e-01	4.992794e-02	
2  1.95476	2.260174e+00	1.190054e-01	1.040959e+00	3.068467e+00	9.650971e-01	5.175184e-02	
1  1.16948	2.247644e+00	1.199461e-01	1.041195e+00	3.069582e+00	9.649021e-01	5.173723e-02	
1  1.40158	2.244085e+00	1.192653e-01	1.041377e+00	3.069750e+00	9.700439e-01	5.297052e-02	
8  0.824611	2.236385e+00	1.205600e-01	1.040738e+00	3.075781e+00	9.647562e-01	5.400766e-02	
10  1.05	2.248736e+00	1.201641e-01	1.041019e+00	3.077047e+00	9.668537e-01	5.524635e-02	
1  3.96834	2.261069e+00	1.199350e-01	1.041618e+00	3.086271e+00	9.684411e-01	6.000715e-02	
6  5.01848	2.271778e+00	1.194651e-01	1.041279e+00	3.088768e+00	9.688534e-01	6.192407e-02	
2  3.45926	2.256579e+00	1.189045e-01	1.040739e+00	3.083116e+00	9.698642e-01	6.004732e-02	
1  3.70755	2.253597e+00	1.187557e-01	1.041031e+00	3.092418e+00	9.705736e-01	6.477223e-02	
4  2.81053	2.230019e+00	1.197638e-01	1.041079e+00	3.090829e+00	9.670911e-01	6.306580e-02	
7  1.13874	2.224774e+00	1.207935e-01	1.041154e+00	3.077344e+00	9.647785e-01	5.499788e-02	
3  1.87734	2.236377e+00	1.194729e-01	1.040678e+00	3.068361e+00	9.654895e-01	5.210209e-02	
1  1.1645	2.243287e+00	1.198473e-01	1.040698e+00	3.077179e+00	9.658509e-01	5.560105e-02	
5  1.09828	2.232542e+00	1.209034e-01	1.040677e+00	3.074089e+00	9.616866e-01	5.200988e-02	
3  1.65025	2.219890e+00	1.200771e-01	1.040960e+00	3.075347e+00	9.669532e-01	5.504341e-02	
3  0.937202	2.237514e+00	1.192130e-01	1.041315e+00	3.076363e+00	9.681733e-01	5.620179e-02	
3  3.95736	2.256681e+00	1.185976e-01	1.041788e+00	3.085305e+00	9.715938e-01	6.126430e-02	
3  4.09747	2.250415e+00	1.190401e-01	1.041266e+00	3.086166e+00	9.725279e-01	6.200510e-02	
8  3.37502	2.247718e+00	1.185933e-01	1.040856e+00	3.076370e+00	9.725286e-01	5.763060e-02	
1  4.35644	2.244455e+00	1.189677e-01	1.040857e+00	3.080680e+00	9.728654e-01	5.917804e-02	
2  4.6026	2.225498e+00	1.218952e-01	1.040612e+00	3.076142e+00	9.660955e-01	5.312031e-02	
12  4.07727	2.209828e+00	1.223800e-01	1.041143e+00	3.072007e+00	9.648248e-01	5.088123e-02	
2  3.61434	2.208998e+00	1.224817e-01	1.040895e+00	3.070318e+00	9.636429e-01	4.961495e-02	
1  3.8856	2.237308e+00	1.197368e-01	1.041293e+00	3.080041e+00	9.722913e-01	5.797116e-02	
3  2.29046	2.232348e+00	1.195779e-01	1.041064e+00	3.069218e+00	9.707397e-01	5.260532e-02	
3  2.97719	2.255734e+00	1.190216e-01	1.041024e+00	3.078017e+00	9.715344e-01	5.763879e-02	
8  1.11691	2.238370e+00	1.196403e-01	1.040717e+00	3.078573e+00	9.662344e-01	5.634115e-02	
2  5.50308	2.239578e+00	1.210587e-01	1.040379e+00	3.079541e+00	9.668315e-01	5.594286e-02	
1  3.82117	2.234153e+00	1.206451e-01	1.040916e+00	3.088866e+00	9.683016e-01	6.153599e-02	
1  1.67212	2.250540e+00	1.192792e-01	1.040833e+00	3.080386e+00	9.683408e-01	5.800786e-02	
1  3.99377	2.223030e+00	1.206262e-01	1.040387e+00	3.071990e+00	9.650787e-01	5.343655e-02	
2  3.20573	2.207925e+00	1.216105e-01	1.040718e+00	3.071226e+00	9.644825e-01	5.153483e-02	
1  4.13878	2.207373e+00	1.219778e-01	1.040860e+00	3.061717e+00	9.622092e-01	4.579431e-02	
1  1.92622	2.217081e+00	1.215760e-01	1.040683e+00	3.070171e+00	9.624514e-01	5.049604e-02	
2  2.05549	2.224885e+00	1.203719e-01	1.040550e+00	3.079026e+00	9.621610e-01	5.569613e-02	
1  2.75148	2.231841e+00	1.204442e-01	1.040580e+00	3.079376e+00	9.600994e-01	5.566328e-02	
3  3.62989	2.227077e+00	1.199842e-01	1.040326e+00	3.072094e+00	9.619856e-01	5.271551e-02	
3  2.371	2.223559e+00	1.209446e-01	1.040984e+00	3.065211e+00	9.606057e-01	4.725592e-02	
3  1.56127	2.256410e+00	1.188708e-01	1.041142e+00	3.063854e+00	9.670688e-01	4.927799e-02	
2  1.55209	2.252336e+00	1.179756e-01	1.040959e+00	3.072261e+00	9.702355e-01	5.516818e-02	
1  5.62051	2.225560e+00	1.178815e-01	1.040668e+00	3.067871e+00	9.678895e-01	5.398472e-02	
5  6.95548	2.236225e+00	1.162631e-01	1.040842e+00	3.068683e+00	9.716667e-01	5.558081e-02	
2  6.22255	2.239973e+00	1.163446e-01	1.041220e+00	3.076854e+00	9.742408e-01	5.907626e-02	
4  5.14805	2.249055e+00	1.162551e-01	1.041287e+00	3.064759e+00	9.738259e-01	5.292526e-02	
1  5.37343	2.262649e+00	1.176440e-01	1.041766e+00	3.068857e+00	9.722862e-01	5.230129e-02	
4  6.37989	2.263011e+00	1.167303e-01	1.041367e+00	3.062668e+00	9.751449e-01	5.088004e-02	
4  6.06865	2.252300e+00	1.181676e-01	1.040934e+00	3.059827e+00	9.713313e-01	4.780798e-02	
1  9.78461	2.264235e+00	1.183453e-01	1.041358e+00	3.057591e+00	9.733684e-01	4.617507e-02	
3  8.07343	2.259707e+00	1.184941e-01	1.041545e+00	3.054259e+00	9.712802e-01	4.427834e-02	
3  5.3608	2.263701e+00	1.184942e-01	1.041286e+00	3.066163e+00	9.714315e-01	5.027869e-02	
2  4.17572	2.278213e+00	1.187218e-01	1.041285e+00	3.075302e+00	9.677123e-01	5.416443e-02	
5  3.10327	2.275154e+00	1.185685e-01	1.041429e+00	3.078100e+00	9.662754e-01	5.574780e-02	
2  3.02618	2.249919e+00	1.194940e-01	1.041168e+00	3.085760e+00	9.607771e-01	5.853922e-02	
3  1.64978	2.250595e+00	1.193485e-01	1.041290e+00	3.081718e+00	9.628191e-01	5.694187e-02	
6  2.17034	2.246761e+00	1.198033e-01	1.041103e+00	3.089769e+00	9.627716e-01	6.124602e-02	
1  5.3271	2.270789e+00	1.189546e-01	1.041448e+00	3.090963e+00	9.689299e-01	6.375770e-02	
5  3.94909	2.273109e+00	1.192351e-01	1.041217e+00	3.084063e+00	9.678204e-01	5.962412e-02	
2  3.30181	2.268402e+00	1.196320e-01	1.041110e+00	3.076895e+00	9.655024e-01	5.561261e-02	
7  4.11889	2.262468e+00	1.189445e-01	1.040826e+00	3.080699e+00	9.626245e-01	5.772176e-02	
3  2.99611	2.251401e+00	1.182076e-01	1.040975e+00	3.089266e+00	9.692190e-01	6.368635e-02	
6  1.25401	2.246808e+00	1.189114e-01	1.040982e+00	3.083437e+00	9.680223e-01	5.982060e-02	
2  2.75913	2.247714e+00	1.207355e-01	1.041339e+00	3.086527e+00	9.653748e-01	5.787377e-02	
4  3.30581	2.260862e+00	1.192356e-01	1.041199e+00	3.081808e+00	9.698346e-01	5.768836e-02	
1  4.92492	2.246239e+00	1.192527e-01	1.041260e+00	3.079002e+00	9.721127e-01	5.653637e-02	
4  2.00254	2.244824e+00	1.195430e-01	1.041374e+00	3.067714e+00	9.684392e-01	5.032325e-02	
3  2.72799	2.232544e+00	1.209073e-01	1.041670e+00	3.070577e+00	9.653847e-01	5.054081e-02	
12  1.67507	2.241080e+00	1.191766e-01	1.041648e+00	3.077215e+00	9.673007e-01	5.558795e-02	
1  2.13297	2.226597e+00	1.209215e-01	1.041325e+00	3.064923e+00	9.629674e-01	4.748295e-02	
3  2.19388	2.231431e+00	1.203768e-01	1.041087e+00	3.062538e+00	9.618747e-01	4.689693e-02	
2  1.275	2.226272e+00	1.205296e-01	1.041033e+00	3.073696e+00	9.631295e-01	5.187584e-02	
1  1.75156	2.231091e+00	1.198672e-01	1.040924e+00	3.070994e+00	9.664522e-01	5.164830e-02	
1  1.55551	2.260003e+00	1.185848e-01	1.041148e+00	3.075605e+00	9.697189e-01	5.559673e-02	
13  0.322345	2.241156e+00	1.193387e-01	1.041261e+00	3.071319e+00	9.664023e-01	5.286287e-02	
8  0.86087	2.233525e+00	1.202113e-01	1.040975e+00	3.076364e+00	9.620167e-01	5.425963e-02	
3  1.75391	2.226535e+00	1.200147e-01	1.041279e+00	3.075721e+00	9.643938e-01	5.484036e-02	
9  3.34134	2.230347e+00	1.194476e-01	1.041311e+00	3.083850e+00	9.699919e-01	6.054150e-02	
1  1.91673	2.234964e+00	1.203371e-01	1.041056e+00	3.084027e+00	9.678827e-01	5.911946e-02	
4  1.876	2.247323e+00	1.194146e-01	1.040989e+00	3.086606e+00	9.682264e-01	6.110794e-02	
2  1.16376	2.230158e+00	1.194515e-01	1.041386e+00	3.075373e+00	9.672778e-01	5.490989e-02	
4  0.568076	2.244188e+00	1.191602e-01	1.040884e+00	3.072490e+00	9.661021e-01	5.369264e-02	
5  1.76295	2.236398e+00	1.207920e-01	1.041607e+00	3.078823e+00	9.646187e-01	5.471504e-02	
1  1.57071	2.232389e+00	1.205879e-01	1.041489e+00	3.071041e+00	9.644819e-01	5.151774e-02	
10  0.355194	2.240845e+00	1.201432e-01	1.041233e+00	3.070746e+00	9.646493e-01	5.126899e-02	
8  0.162944	2.240013e+00	1.198134e-01	1.040982e+00	3.071951e+00	9.652944e-01	5.257782e-02	
5  1.43487	2.228818e+00	1.203669e-01	1.041075e+00	3.072682e+00	9.665458e-01	5.216815e-02	
9  1.94048	2.252263e+00	1.186400e-01	1.041117e+00	3.074334e+00	9.677087e-01	5.407690e-02	
4  2.06422	2.231647e+00	1.197018e-01	1.040884e+00	3.080997e+00	9.658027e-01	5.658090e-02	
2  4.02776	2.269659e+00	1.176389e-01	1.041113e+00	3.083780e+00	9.715977e-01	6.044963e-02	
1  2.75742	2.254783e+00	1.186531e-01	1.040691e+00	3.082058e+00	9.683160e-01	5.898268e-02	
1  2.86419	2.264250e+00	1.192572e-01	1.040991e+00	3.080172e+00	9.691517e-01	5.746634e-02	
1  1.46411	2.229454e+00	1.208661e-01	1.040898e+00	3.082550e+00	9.658392e-01	5.704691e-02	
2  1.53436	2.234594e+00	1.196474e-01	1.041026e+00	3.083167e+00	9.686431e-01	5.926853e-02	
1  0.875678	2.221685e+00	1.208678e-01	1.040974e+00	3.076466e+00	9.645814e-01	5.393980e-02	
10  0.767325	2.232999e+00	1.202398e-01	1.041115e+00	3.082872e+00	9.661229e-01	5.804941e-02	
4  3.01536	2.210832e+00	1.213432e-01	1.040760e+00	3.082917e+00	9.630344e-01	5.746757e-02	
3  3.57879	2.234361e+00	1.215922e-01	1.040823e+00	3.093420e+00	9.641775e-01	6.197837e-02	
1  4.70649	2.212644e+00	1.226287e-01	1.040778e+00	3.083243e+00	9.644603e-01	5.648267e-02	
3  2.96801	2.222889e+00	1.219976e-01	1.040750e+00	3.082160e+00	9.644424e-01	5.635331e-02	
1  3.63159	2.233768e+00	1.220856e-01	1.040891e+00	3.083973e+00	9.647598e-01	5.708299e-02	
1  3.69026	2.236167e+00	1.209983e-01	1.041092e+00	3.091742e+00	9.670186e-01	6.225917e-02	
9  1.52761	2.244355e+00	1.201706e-01	1.041515e+00	3.084550e+00	9.662363e-01	5.813477e-02	
6  1.447	2.239669e+00	1.199117e-01	1.041423e+00	3.081030e+00	9.665759e-01	5.767838e-02	
2  3.09889	2.238140e+00	1.205324e-01	1.040476e+00	3.086218e+00	9.635277e-01	5.957549e-02	
2  3.29268	2.235050e+00	1.205508e-01	1.040556e+00	3.088009e+00	9.654827e-01	6.077967e-02	
3  2.57801	2.250593e+00	1.212429e-01	1.040863e+00	3.075948e+00	9.639228e-01	5.346494e-02	
9  2.43412	2.250803e+00	1.214974e-01	1.040835e+00	3.076305e+00	9.602154e-01	5.250661e-02	
12  2.71685	2.250842e+00	1.208780e-01	1.040821e+00	3.079709e+00	9.593353e-01	5.482800e-02	
2  2.79353	2.259952e+00	1.205307e-01	1.041060e+00	3.073898e+00	9.601245e-01	5.160538e-02	
1  2.75709	2.248441e+00	1.210636e-01	1.040531e+00	3.075648e+00	9.609875e-01	5.261016e-02	
1  2.74682	2.234268e+00	1.196732e-01	1.040430e+00	3.069892e+00	9.647901e-01	5.252063e-02	
1  2.59951	2.225913e+00	1.204042e-01	1.040428e+00	3.076926e+00	9.619342e-01	5.419142e-02	
2  2.01326	2.253663e+00	1.208978e-01	1.041093e+00	3.081907e+00	9.625421e-01	5.518971e-02	
4  3.3724	2.266152e+00	1.196533e-01	1.041462e+00	3.081532e+00	9.686951e-01	5.706751e-02	
2  3.18777	2.254130e+00	1.197033e-01	1.041282e+00	3.080947e+00	9.701447e-01	5.713802e-02	
6  2.50717	2.255379e+00	1.199543e-01	1.041665e+00	3.074650e+00	9.675116e-01	5.325023e-02	
2  2.49706	2.227808e+00	1.210159e-01	1.040817e+00	3.074754e+00	9.673002e-01	5.345865e-02	
2  2.28011	2.219769e+00	1.212193e-01	1.040660e+00	3.074550e+00	9.650260e-01	5.359268e-02	
4  1.16425	2.232221e+00	1.206368e-01	1.040642e+00	3.074422e+00	9.638889e-01	5.352607e-02	
8  0.86501	2.225516e+00	1.207197e-01	1.040901e+00	3.075390e+00	9.650996e-01	5.347202e-02	
4  0.10726	2.239685e+00	1.198079e-01	1.041135e+00	3.073879e+00	9.661551e-01	5.351186e-02	
2  2.58579	2.219934e+00	1.209944e-01	1.041219e+00	3.089381e+00	9.618045e-01	5.965303e-02	
1  2.61746	2.235060e+00	1.215105e-01	1.041056e+00	3.085361e+00	9.658067e-01	5.781297e-02	
5  3.51305	2.219268e+00	1.214362e-01	1.040739e+00	3.084064e+00	9.663387e-01	5.808476e-02	
1  3.63466	2.239752e+00	1.197672e-01	1.040961e+00	3.087126e+00	9.705600e-01	6.143702e-02	
2  5.431	2.257794e+00	1.190887e-01	1.041124e+00	3.089521e+00	9.727532e-01	6.310259e-02	
1  4.03906	2.237781e+00	1.190986e-01	1.041211e+00	3.081633e+00	9.732911e-01	5.944620e-02	
7  3.17436	2.250814e+00	1.179591e-01	1.041583e+00	3.085605e+00	9.724066e-01	6.205697e-02	
4  3.90299	2.241691e+00	1.180275e-01	1.041469e+00	3.086341e+00	9.725764e-01	6.297445e-02	
1  4.61938	2.238047e+00	1.191646e-01	1.041107e+00	3.076169e+00	9.737808e-01	5.744658e-02	
5  4.33722	2.232385e+00	1.202051e-01	1.041014e+00	3.077955e+00	9.690934e-01	5.747315e-02	
5  6.00754	2.223976e+00	1.210402e-01	1.041078e+00	3.091517e+00	9.675990e-01	6.310611e-02	
7  4.82889	2.214636e+00	1.219577e-01	1.040910e+00	3.090871e+00	9.640161e-01	6.119977e-02	
2  5.34983	2.209673e+00	1.221548e-01	1.041209e+00	3.087245e+00	9.639604e-01	5.915272e-02	
1  4.94927	2.231060e+00	1.226951e-01	1.040769e+00	3.091787e+00	9.592589e-01	6.001289e-02	
1  4.94469	2.212178e+00	1.222367e-01	1.041177e+00	3.091810e+00	9.627419e-01	6.091754e-02	
3  6.69707	2.192661e+00	1.237725e-01	1.040932e+00	3.082481e+00	9.601081e-01	5.469209e-02	
3  7.81998	2.198873e+00	1.230884e-01	1.041339e+00	3.078262e+00	9.630187e-01	5.385966e-02	
5  5.32704	2.218045e+00	1.216537e-01	1.041660e+00	3.082658e+00	9.665200e-01	5.686624e-02	
4  5.38813	2.204710e+00	1.222267e-01	1.041265e+00	3.079087e+00	9.596965e-01	5.423177e-02	
1  6.00568	2.195036e+00	1.216074e-01	1.040580e+00	3.081182e+00	9.590577e-01	5.538671e-02	
7  2.23299	2.213124e+00	1.219552e-01	1.040775e+00	3.078254e+00	9.586514e-01	5.322091e-02	
1  1.11656	2.247689e+00	1.200323e-01	1.041005e+00	3.080338e+00	9.621038e-01	5.619506e-02	
12  1.81423	2.231401e+00	1.219339e-01	1.040891e+00	3.070520e+00	9.587631e-01	4.910655e-02	
2  3.01953	2.235911e+00	1.215607e-01	1.041115e+00	3.061931e+00	9.612013e-01	4.514562e-02	
1  2.19485	2.256756e+00	1.186106e-01	1.041586e+00	3.068892e+00	9.712294e-01	5.293349e-02	
2  3.08584	2.255141e+00	1.177686e-01	1.041580e+00	3.062433e+00	9.718394e-01	5.096122e-02	
3  5.93186	2.236730e+00	1.183719e-01	1.041499e+00	3.062119e+00	9.757976e-01	5.075240e-02	
2  3.50706	2.249749e+00	1.179335e-01	1.041286e+00	3.065950e+00	9.746390e-01	5.264103e-02	
5  3.83271	2.246515e+00	1.179835e-01	1.041370e+00	3.060431e+00	9.739260e-01	4.964117e-02	
6  5.3611	2.261061e+00	1.170835e-01	1.041248e+00	3.070848e+00	9.773408e-01	5.624010e-02	
1  3.43076	2.257458e+00	1.170480e-01	1.040868e+00	3.068327e+00	9.699160e-01	5.368678e-02	
2  7.27384	2.279841e+00	1.154184e-01	1.041025e+00	3.078273e+00	9.758009e-01	6.084721e-02	
1  9.48954	2.284016e+00	1.158585e-01	1.040902e+00	3.089052e+00	9.760660e-01	6.628852e-02	
1  5.46913	2.266080e+00	1.170107e-01	1.040799e+00	3.082071e+00	9.733387e-01	6.191807e-02	
6  5.26558	2.283429e+00	1.168389e-01	1.041537e+00	3.084558e+00	9.709974e-01	6.205999e-02	
1  5.48578	2.276235e+00	1.169943e-01	1.041160e+00	3.091802e+00	9.719974e-01	6.562319e-02	
1  5.78264	2.278375e+00	1.179983e-01	1.041748e+00	3.092402e+00	9.712346e-01	6.448361e-02	
1  6.08759	2.287638e+00	1.186826e-01	1.041727e+00	3.078716e+00	9.689853e-01	5.660354e-02	
2  6.4895	2.286028e+00	1.190065e-01	1.041737e+00	3.079406e+00	9.672964e-01	5.680262e-02	
4  5.84591	2.278910e+00	1.186711e-01	1.041771e+00	3.072156e+00	9.656366e-01	5.343500e-02	
3  4.83178	2.252269e+00	1.192232e-01	1.041445e+00	3.063178e+00	9.632613e-01	4.902230e-02	
1  5.29881	2.248086e+00	1.185484e-01	1.040840e+00	3.060353e+00	9.653472e-01	4.934388e-02	
1  4.58417	2.271023e+00	1.181898e-01	1.041110e+00	3.069752e+00	9.676956e-01	5.417417e-02	
3  4.32888	2.269922e+00	1.189166e-01	1.041343e+00	3.068155e+00	9.651367e-01	5.188794e-02	
1  3.69523	2.270526e+00	1.188708e-01	1.041142e+00	3.073799e+00	9.675106e-01	5.530896e-02	
2  3.35353	2.252559e+00	1.208078e-01	1.041583e+00	3.078364e+00	9.648311e-01	5.509665e-02	
1  2.68299	2.252169e+00	1.205684e-01	1.041270e+00	3.084524e+00	9.638767e-01	5.849998e-02	
3  2.2712	2.248908e+00	1.207552e-01	1.041110e+00	3.083024e+00	9.646797e-01	5.781175e-02	
2  2.3824	2.263051e+00	1.193860e-01	1.041083e+00	3.072305e+00	9.641400e-01	5.325505e-02	
4  1.90949	2.238275e+00	1.220029e-01	1.041036e+00	3.078035e+00	9.629021e-01	5.339063e-02	
7  2.14821	2.253604e+00	1.195425e-01	1.040719e+00	3.080058e+00	9.626434e-01	5.610378e-02	
2  1.29566	2.243408e+00	1.194800e-01	1.040716e+00	3.077147e+00	9.639102e-01	5.508216e-02	
2  2.90574	2.242296e+00	1.191975e-01	1.040464e+00	3.069631e+00	9.650951e-01	5.192884e-02	
1  1.89916	2.230895e+00	1.192336e-01	1.040911e+00	3.074041e+00	9.674029e-01	5.400411e-02	
2  2.1436	2.232195e+00	1.199130e-01	1.041231e+00	3.078015e+00	9.652220e-01	5.437836e-02	
1  2.1385	2.237178e+00	1.201607e-01	1.041379e+00	3.083259e+00	9.639027e-01	5.647492e-02	
2  2.22118	2.236725e+00	1.200082e-01	1.041438e+00	3.082200e+00	9.623707e-01	5.611659e-02	
1  1.77663	2.233534e+00	1.215255e-01	1.041265e+00	3.075767e+00	9.604742e-01	5.129333e-02	
1  2.12758	2.215802e+00	1.220943e-01	1.041059e+00	3.077979e+00	9.585042e-01	5.252228e-02	
1  1.74937	2.241829e+00	1.219294e-01	1.041159e+00	3.082517e+00	9.603869e-01	5.475623e-02	
3  2.22937	2.223571e+00	1.227914e-01	1.040790e+00	3.073576e+00	9.589069e-01	4.980508e-02	
5  2.20573	2.221919e+00	1.215519e-01	1.041200e+00	3.073318e+00	9.596290e-01	5.023668e-02	
2  1.57484	2.242518e+00	1.198076e-01	1.040896e+00	3.066080e+00	9.652273e-01	4.908851e-02	
3  1.60077	2.233878e+00	1.201665e-01	1.041262e+00	3.062975e+00	9.664820e-01	4.803403e-02	
7  1.98999	2.262290e+00	1.177045e-01	1.041224e+00	3.071759e+00	9.713432e-01	5.557586e-02	
11  2.01996	2.256080e+00	1.184886e-01	1.041165e+00	3.068125e+00	9.678248e-01	5.294976e-02	
3  3.15866	2.266380e+00	1.186041e-01	1.041115e+00	3.068611e+00	9.682324e-01	5.314356e-02	
3  2.75171	2.249958e+00	1.196595e-01	1.041366e+00	3.066053e+00	9.667672e-01	5.085460e-02	
4  1.12437	2.245481e+00	1.201392e-01	1.041200e+00	3.074027e+00	9.656711e-01	5.402688e-02	
8  1.79269	2.240214e+00	1.196714e-01	1.040725e+00	3.082730e+00	9.640985e-01	5.859030e-02	
4  1.92789	2.241559e+00	1.195667e-01	1.040730e+00	3.084743e+00	9.630121e-01	5.893618e-02	
2  3.18175	2.270394e+00	1.195665e-01	1.041039e+00	3.079206e+00	9.626624e-01	5.540507e-02	
6  2.24405	2.263761e+00	1.202083e-01	1.041171e+00	3.081458e+00	9.637594e-01	5.645351e-02	
1  1.63566	2.239954e+00	1.202034e-01	1.040818e+00	3.069060e+00	9.614041e-01	5.064494e-02	
7  0.247799	2.246110e+00	1.201136e-01	1.041097e+00	3.073231e+00	9.652655e-01	5.289323e-02	
3  1.31092	2.238205e+00	1.210225e-01	1.041260e+00	3.067933e+00	9.644034e-01	4.924579e-02	
2  1.15971	2.232770e+00	1.196824e-01	1.041084e+00	3.071236e+00	9.634090e-01	5.165822e-02	
2  1.70548	2.247778e+00	1.202038e-01	1.041504e+00	3.075341e+00	9.677594e-01	5.382440e-02	
1  2.41834	2.226368e+00	1.214518e-01	1.041296e+00	3.070109e+00	9.649431e-01	4.963479e-02	
7  1.1477	2.222491e+00	1.206746e-01	1.041002e+00	3.074880e+00	9.646124e-01	5.290103e-02	
3  0.571242	2.236131e+00	1.201689e-01	1.041004e+00	3.075242e+00	9.648995e-01	5.332944e-02	
3  3.08407	2.241888e+00	1.202043e-01	1.040501e+00	3.069838e+00	9.665065e-01	5.145650e-02	
1  2.69141	2.249014e+00	1.183952e-01	1.040788e+00	3.075797e+00	9.708424e-01	5.741710e-02	
3  2.08903	2.242986e+00	1.195116e-01	1.040704e+00	3.077753e+00	9.686515e-01	5.650535e-02	
1  5.04096	2.210719e+00	1.191563e-01	1.040634e+00	3.077452e+00	9.670682e-01	5.716578e-02	
5  4.67554	2.204842e+00	1.208341e-01	1.040683e+00	3.079050e+00	9.660290e-01	5.677107e-02	
5  6.03344	2.205943e+00	1.202230e-01	1.041102e+00	3.074263e+00	9.646602e-01	5.497557e-02	
2  4.74106	2.209291e+00	1.211135e-01	1.041546e+00	3.074978e+00	9.665367e-01	5.366583e-02	
1  4.97842	2.211458e+00	1.215348e-01	1.041572e+00	3.084108e+00	9.653855e-01	5.676264e-02	
1  4.81937	2.202379e+00	1.208929e-01	1.041279e+00	3.079594e+00	9.657618e-01	5.552209e-02	
12  2.3777	2.224305e+00	1.210019e-01	1.041150e+00	3.075160e+00	9.667292e-01	5.289113e-02	
1  2.88864	2.233059e+00	1.199206e-01	1.041472e+00	3.061439e+00	9.675192e-01	4.720540e-02	
7  2.07342	2.221618e+00	1.199930e-01	1.041299e+00	3.065949e+00	9.661675e-01	4.964593e-02	
4  2.40134	2.222927e+00	1.208638e-01	1.041252e+00	3.064333e+00	9.650052e-01	4.850515e-02	
6  2.99349	2.223690e+00	1.199773e-01	1.040986e+00	3.069213e+00	9.670569e-01	5.288025e-02	
2  2.59618	2.221972e+00	1.210819e-01	1.041011e+00	3.078996e+00	9.651381e-01	5.623920e-02	
2  3.54387	2.238195e+00	1.209981e-01	1.041089e+00	3.065968e+00	9.660284e-01	4.987503e-02	
7  2.16826	2.231637e+00	1.211704e-01	1.040913e+00	3.073830e+00	9.667959e-01	5.311447e-02	
2  1.80252	2.246333e+00	1.196679e-01	1.041279e+00	3.088134e+00	9.665886e-01	6.135741e-02	
4  1.56413	2.251254e+00	1.201822e-01	1.040949e+00	3.087224e+00	9.645549e-01	5.973704e-02	
1  1.8788	2.255372e+00	1.201153e-01	1.040916e+00	3.078377e+00	9.630357e-01	5.423745e-02	
8  4.44362	2.256331e+00	1.208210e-01	1.040929e+00	3.077076e+00	9.588005e-01	5.171772e-02	
3  5.46123	2.254397e+00	1.212575e-01	1.041614e+00	3.093822e+00	9.636017e-01	6.047035e-02	
1  2.98354	2.232861e+00	1.214804e-01	1.040993e+00	3.087898e+00	9.632783e-01	5.774546e-02	
2  3.4485	2.207598e+00	1.214698e-01	1.041206e+00	3.078948e+00	9.638866e-01	5.405742e-02	
4  3.52055	2.204326e+00	1.215867e-01	1.040914e+00	3.077048e+00	9.623342e-01	5.283981e-02	
9  1.34643	2.222421e+00	1.198949e-01	1.040989e+00	3.077695e+00	9.649284e-01	5.528211e-02	
3  0.793963	2.238782e+00	1.201936e-01	1.041410e+00	3.075217e+00	9.641065e-01	5.307116e-02	
2  2.31825	2.232249e+00	1.203693e-01	1.041512e+00	3.087762e+00	9.635602e-01	5.950391e-02	
7  1.02724	2.237145e+00	1.205486e-01	1.041049e+00	3.085764e+00	9.645537e-01	5.824657e-02	
